0.023219955,-220
0.026122449,-220
0.029024943,-220
0.031927438,-220
0.034829932,-220
0.037732426,-220
0.040634921,-220
0.043537415,-220
0.046439909,-220
0.049342404,-220
0.052244898,-220
0.055147392,-220
0.058049887,-220
0.060952381,-220
0.063854875,-220
0.066757370,-220
0.069659864,-220
0.072562358,-220
0.075464853,-220
0.078367347,-220
0.081269841,-220
0.084172336,-220
0.087074830,-220
0.089977324,-220
0.092879819,-220
0.095782313,-220
0.098684807,-220
0.101587302,-220
0.104489796,-220
0.107392290,-220
0.110294785,-220
0.113197279,-220
0.116099773,-220
0.119002268,-220
0.121904762,-220
0.124807256,-220
0.127709751,-220
0.130612245,-220
0.133514739,-220
0.136417234,-220
0.139319728,-220
0.142222222,-220
0.145124717,-220
0.148027211,-220
0.150929705,-220
0.153832200,-220
0.156734694,-220
0.159637188,-220
0.162539683,-220
0.165442177,-220
0.168344671,-220
0.171247166,-220
0.174149660,-220
0.177052154,-220
0.179954649,-220
0.182857143,-220
0.185759637,-220
0.188662132,-220
0.191564626,-220
0.194467120,-220
0.197369615,-220
0.200272109,-220
0.203174603,-220
0.206077098,-220
0.208979592,-220
0.211882086,-220
0.214784580,-220
0.217687075,-220
0.220589569,-220
0.223492063,-220
0.226394558,-220
0.229297052,-220
0.232199546,-220
0.235102041,-220
0.238004535,-220
0.240907029,-220
0.243809524,-220
0.246712018,-220
0.249614512,-220
0.252517007,-220
0.255419501,-220
0.258321995,-220
0.261224490,-220
0.264126984,-220
0.267029478,-220
0.269931973,-220
0.272834467,-220
0.275736961,-220
0.278639456,-220
0.281541950,-220
0.284444444,-220
0.287346939,-220
0.290249433,-220
0.293151927,-220
0.296054422,-220
0.298956916,-220
0.301859410,-220
0.304761905,-220
0.307664399,-220
0.310566893,-220
0.313469388,-220
0.316371882,-220
0.319274376,-220
0.322176871,-220
0.325079365,-220
0.327981859,-220
0.330884354,-220
0.333786848,-220
0.336689342,-220
0.339591837,-220
0.342494331,-220
0.345396825,-220
0.348299320,-220
0.351201814,-220
0.354104308,-220
0.357006803,-220
0.359909297,-220
0.362811791,-220
0.365714286,-220
0.368616780,-220
0.371519274,-220
0.374421769,-220
0.377324263,-220
0.380226757,-220
0.383129252,-220
0.386031746,-220
0.388934240,-220
0.391836735,-220
0.394739229,-220
0.397641723,-220
0.400544218,-220
0.403446712,-220
0.406349206,-220
0.409251701,-220
0.412154195,-220
0.415056689,-220
0.417959184,-220
0.420861678,-220
0.423764172,-220
0.426666667,-220
0.429569161,-220
0.432471655,-220
0.435374150,-220
0.438276644,-220
0.441179138,-220
0.444081633,-220
0.446984127,-220
0.449886621,-220
0.452789116,-220
0.455691610,-220
0.458594104,-220
0.461496599,-220
0.464399093,-220
0.467301587,-220
0.470204082,-220
0.473106576,-220
0.476009070,-220
0.478911565,-220
0.481814059,-220
0.484716553,-220
0.487619048,-220
0.490521542,-220
0.493424036,-220
0.496326531,-220
0.499229025,-220
0.502131519,-220
0.505034014,-220
0.507936508,-220
0.510839002,-220
0.513741497,-220
0.516643991,-220
0.519546485,-220
0.522448980,-220
0.525351474,-220
0.528253968,-220
0.531156463,-220
0.534058957,-220
0.536961451,-220
0.539863946,-220
0.542766440,-220
0.545668934,-220
0.548571429,-220
0.551473923,-220
0.554376417,-220
0.557278912,-220
0.560181406,-220
0.563083900,-220
0.565986395,-220
0.568888889,-220
0.571791383,-220
0.574693878,-220
0.577596372,-220
0.580498866,-220
0.583401361,-220
0.586303855,-220
0.589206349,-220
0.592108844,-220
0.595011338,-220
0.597913832,-220
0.600816327,-220
0.603718821,-220
0.606621315,-220
0.609523810,-220
0.612426304,-220
0.615328798,-220
0.618231293,-220
0.621133787,-220
0.624036281,-220
0.626938776,-220
0.629841270,-220
0.632743764,-220
0.635646259,-220
0.638548753,-220
0.641451247,-220
0.644353741,-220
0.647256236,-220
0.650158730,-220
0.653061224,-220
0.655963719,-220
0.658866213,-220
0.661768707,-220
0.664671202,-220
0.667573696,-220
0.670476190,-220
0.673378685,-220
0.676281179,-220
0.679183673,-220
0.682086168,-220
0.684988662,-220
0.687891156,-220
0.690793651,-220
0.693696145,-220
0.696598639,-220
0.699501134,-220
0.702403628,-220
0.705306122,-220
0.708208617,-220
0.711111111,-220
0.714013605,-220
0.716916100,-220
0.719818594,-220
0.722721088,-220
0.725623583,-220
0.728526077,-220
0.731428571,-220
0.734331066,-220
0.737233560,-220
0.740136054,-220
0.743038549,-220
0.745941043,-220
0.748843537,-220
0.751746032,-220
0.754648526,-220
0.757551020,-220
0.760453515,-220
0.763356009,-220
0.766258503,-220
0.769160998,-220
0.772063492,-220
0.774965986,-220
0.777868481,-220
0.780770975,-220
0.783673469,-220
0.786575964,-220
0.789478458,-220
0.792380952,-220
0.795283447,-220
0.798185941,-220
0.801088435,-220
0.803990930,-220
0.806893424,-220
0.809795918,-220
0.812698413,-220
0.815600907,-220
0.818503401,-220
0.821405896,-220
0.824308390,-220
0.827210884,-220
0.830113379,-220
0.833015873,-220
0.835918367,-220
0.838820862,-220
0.841723356,-220
0.844625850,-220
0.847528345,-220
0.850430839,-220
0.853333333,-220
0.856235828,-220
0.859138322,-220
0.862040816,-220
0.864943311,-220
0.867845805,-220
0.870748299,-220
0.873650794,-220
0.876553288,-220
0.879455782,-220
0.882358277,-220
0.885260771,-220
0.888163265,-220
0.891065760,-220
0.893968254,-220
0.896870748,-220
0.899773243,-220
0.902675737,-220
0.905578231,-220
0.908480726,-220
0.911383220,-220
0.914285714,-220
0.917188209,-220
0.920090703,-220
0.922993197,-220
0.925895692,-220
0.928798186,-220
0.931700680,-220
0.934603175,-220
0.937505669,-220
0.940408163,-220
0.943310658,-220
0.946213152,-220
0.949115646,-220
0.952018141,-220
0.954920635,-220
0.957823129,-220
0.960725624,-220
0.963628118,-220
0.966530612,-220
0.969433107,-220
0.972335601,-220
0.975238095,-220
0.978140590,-220
0.981043084,-220
0.983945578,-220
0.986848073,-220
0.989750567,-220
0.992653061,-220
0.995555556,-220
0.998458050,-220
1.001360544,-220
1.004263039,-220
1.007165533,-220
1.010068027,-220
1.012970522,-220
1.015873016,-220
1.018775510,-220
1.021678005,-220
1.024580499,-220
1.027482993,-220
1.030385488,-220
1.033287982,-220
1.036190476,-220
1.039092971,-220
1.041995465,-220
1.044897959,-220
1.047800454,-220
1.050702948,-220
1.053605442,-220
1.056507937,-220
1.059410431,-220
1.062312925,-220
1.065215420,-220
1.068117914,-220
1.071020408,-220
1.073922902,-220
1.076825397,-220
1.079727891,-220
1.082630385,-220
1.085532880,-220
1.088435374,-220
1.091337868,-220
1.094240363,-220
1.097142857,-220
1.100045351,-220
1.102947846,-220
1.105850340,-220
1.108752834,-220
1.111655329,-220
1.114557823,-220
1.117460317,-220
1.120362812,-220
1.123265306,-220
1.126167800,-220
1.129070295,-220
1.131972789,-220
1.134875283,-220
1.137777778,-220
1.140680272,-220
1.143582766,-220
1.146485261,-220
1.149387755,-220
1.152290249,-220
1.155192744,-220
1.158095238,-220
1.160997732,-220
1.163900227,-220
1.166802721,-220
1.169705215,-220
1.172607710,-220
1.175510204,-220
1.178412698,-220
1.181315193,-220
1.184217687,-220
1.187120181,-220
1.190022676,-220
1.192925170,-220
1.195827664,-220
1.198730159,-220
1.201632653,-220
1.204535147,-220
1.207437642,-220
1.210340136,-220
1.213242630,-220
1.216145125,-220
1.219047619,-220
1.221950113,-220
1.224852608,-220
1.227755102,-220
1.230657596,-220
1.233560091,-220
1.236462585,-220
1.239365079,-220
1.242267574,-220
1.245170068,-220
1.248072562,-220
1.250975057,-220
1.253877551,-220
1.256780045,-220
1.259682540,-220
1.262585034,-220
1.265487528,-220
1.268390023,-220
1.271292517,-220
1.274195011,-220
1.277097506,-220
1.280000000,-220
1.282902494,-220
1.285804989,-220
1.288707483,-220
1.291609977,-220
1.294512472,-220
1.297414966,-220
1.300317460,-220
1.303219955,-220
1.306122449,-220
1.309024943,-220
1.311927438,-220
1.314829932,-220
1.317732426,-220
1.320634921,-220
1.323537415,-220
1.326439909,-220
1.329342404,-220
1.332244898,-220
1.335147392,-220
1.338049887,-220
1.340952381,-220
1.343854875,-220
1.346757370,-220
1.349659864,261.626
1.352562358,272.421
1.355464853,275.586
1.358367347,273.999
1.361269841,272.421
1.364172336,263.141
1.367074830,263.141
1.369977324,261.626
1.372879819,260.119
1.375782313,260.119
1.378684807,258.621
1.381587302,258.621
1.384489796,258.621
1.387392290,257.131
1.390294785,257.131
1.393197279,257.131
1.396099773,255.65
1.399002268,255.65
1.401904762,255.65
1.404807256,255.65
1.407709751,255.65
1.410612245,255.65
1.413514739,255.65
1.416417234,254.178
1.419319728,254.178
1.422222222,254.178
1.425124717,254.178
1.428027211,254.178
1.430929705,254.178
1.433832200,254.178
1.436734694,254.178
1.439637188,254.178
1.442539683,254.178
1.445442177,254.178
1.448344671,254.178
1.451247166,254.178
1.454149660,254.178
1.457052154,254.178
1.459954649,252.714
1.462857143,252.714
1.465759637,252.714
1.468662132,252.714
1.471564626,252.714
1.474467120,251.258
1.477369615,251.258
1.480272109,251.258
1.483174603,251.258
1.486077098,251.258
1.488979592,251.258
1.491882086,251.258
1.494784580,251.258
1.497687075,251.258
1.500589569,251.258
1.503492063,251.258
1.506394558,251.258
1.509297052,249.811
1.512199546,249.811
1.515102041,249.811
1.518004535,249.811
1.520907029,249.811
1.523809524,249.811
1.526712018,249.811
1.529614512,248.372
1.532517007,249.811
1.535419501,249.811
1.538321995,248.372
1.541224490,248.372
1.544126984,248.372
1.547029478,246.942
1.549931973,246.942
1.552834467,246.942
1.555736961,245.519
1.558639456,244.105
1.561541950,242.699
1.564444444,242.699
1.567346939,241.301
1.570249433,242.699
1.573151927,242.699
1.576054422,244.105
1.578956916,244.105
1.581859410,246.942
1.584761905,248.372
1.587664399,248.372
1.590566893,249.811
1.593469388,248.372
1.596371882,248.372
1.599274376,246.942
1.602176871,246.942
1.605079365,244.105
1.607981859,242.699
1.610884354,241.301
1.613786848,241.301
1.616689342,239.912
1.619591837,238.53
1.622494331,238.53
1.625396825,238.53
1.628299320,238.53
1.631201814,238.53
1.634104308,238.53
1.637006803,238.53
1.639909297,238.53
1.642811791,238.53
1.645714286,238.53
1.648616780,237.156
1.651519274,237.156
1.654421769,237.156
1.657324263,237.156
1.660226757,235.79
1.663129252,235.79
1.666031746,235.79
1.668934240,235.79
1.671836735,235.79
1.674739229,235.79
1.677641723,235.79
1.680544218,237.156
1.683446712,237.156
1.686349206,238.53
1.689251701,238.53
1.692154195,238.53
1.695056689,238.53
1.697959184,237.156
1.700861678,237.156
1.703764172,237.156
1.706666667,235.79
1.709569161,234.432
1.712471655,233.082
1.715374150,231.739
1.718276644,230.405
1.721179138,229.078
1.724081633,227.758
1.726984127,226.446
1.729886621,225.142
1.732789116,223.846
1.735691610,221.274
1.738594104,220
1.741496599,216.221
1.744399093,212.506
1.747301587,210.065
1.750204082,207.652
1.753106576,206.456
1.756009070,205.267
1.758911565,204.085
1.761814059,201.741
1.764716553,201.741
1.767619048,200.579
1.770521542,199.424
1.773424036,198.275
1.776326531,195.998
1.779229025,193.746
1.782131519,192.631
1.785034014,191.521
1.787936508,191.521
1.790839002,191.521
1.793741497,190.418
1.796643991,192.631
1.799546485,193.746
1.802448980,197.133
1.805351474,197.133
1.808253968,198.275
1.811156463,198.275
1.814058957,199.424
1.816961451,199.424
1.819863946,200.579
1.822766440,200.579
1.825668934,201.741
1.828571429,204.085
1.831473923,206.456
1.834376417,211.282
1.837278912,213.737
1.840181406,218.733
1.843083900,225.142
1.845986395,230.405
1.848888889,237.156
1.851791383,241.301
1.854693878,242.699
1.857596372,244.105
1.860498866,242.699
1.863401361,244.105
1.866303855,244.105
1.869206349,242.699
1.872108844,242.699
1.875011338,242.699
1.877913832,241.301
1.880816327,242.699
1.883718821,242.699
1.886621315,242.699
1.889523810,242.699
1.892426304,244.105
1.895328798,245.519
1.898231293,246.942
1.901133787,246.942
1.904036281,248.372
1.906938776,249.811
1.909841270,251.258
1.912743764,252.714
1.915646259,252.714
1.918548753,254.178
1.921451247,254.178
1.924353741,255.65
1.927256236,255.65
1.930158730,257.131
1.933061224,257.131
1.935963719,258.621
1.938866213,258.621
1.941768707,260.119
1.944671202,261.626
1.947573696,261.626
1.950476190,261.626
1.953378685,261.626
1.956281179,263.141
1.959183673,263.141
1.962086168,263.141
1.964988662,261.626
1.967891156,261.626
1.970793651,261.626
1.973696145,261.626
1.976598639,261.626
1.979501134,263.141
1.982403628,263.141
1.985306122,263.141
1.988208617,263.141
1.991111111,263.141
1.994013605,263.141
1.996916100,264.665
1.999818594,264.665
2.002721088,264.665
2.005623583,263.141
2.008526077,263.141
2.011428571,263.141
2.014331066,263.141
2.017233560,264.665
2.020136054,264.665
2.023038549,264.665
2.025941043,264.665
2.028843537,266.199
2.031746032,266.199
2.034648526,266.199
2.037551020,266.199
2.040453515,266.199
2.043356009,267.741
2.046258503,267.741
2.049160998,267.741
2.052063492,267.741
2.054965986,267.741
2.057868481,269.292
2.060770975,269.292
2.063673469,269.292
2.066575964,269.292
2.069478458,269.292
2.072380952,270.852
2.075283447,270.852
2.078185941,272.421
2.081088435,272.421
2.083990930,272.421
2.086893424,272.421
2.089795918,273.999
2.092698413,273.999
2.095600907,273.999
2.098503401,273.999
2.101405896,273.999
2.104308390,273.999
2.107210884,275.586
2.110113379,275.586
2.113015873,275.586
2.115918367,275.586
2.118820862,275.586
2.121723356,275.586
2.124625850,275.586
2.127528345,275.586
2.130430839,275.586
2.133333333,275.586
2.136235828,273.999
2.139138322,273.999
2.142040816,273.999
2.144943311,273.999
2.147845805,273.999
2.150748299,273.999
2.153650794,273.999
2.156553288,273.999
2.159455782,272.421
2.162358277,272.421
2.165260771,272.421
2.168163265,272.421
2.171065760,272.421
2.173968254,272.421
2.176870748,272.421
2.179773243,272.421
2.182675737,272.421
2.185578231,272.421
2.188480726,272.421
2.191383220,272.421
2.194285714,270.852
2.197188209,270.852
2.200090703,270.852
2.202993197,270.852
2.205895692,270.852
2.208798186,272.421
2.211700680,270.852
2.214603175,270.852
2.217505669,270.852
2.220408163,272.421
2.223310658,272.421
2.226213152,272.421
2.229115646,272.421
2.232018141,272.421
2.234920635,272.421
2.237823129,273.999
2.240725624,273.999
2.243628118,273.999
2.246530612,273.999
2.249433107,275.586
2.252335601,275.586
2.255238095,275.586
2.258140590,275.586
2.261043084,277.183
2.263945578,277.183
2.266848073,277.183
2.269750567,277.183
2.272653061,277.183
2.275555556,277.183
2.278458050,277.183
2.281360544,277.183
2.284263039,278.788
2.287165533,278.788
2.290068027,278.788
2.292970522,278.788
2.295873016,278.788
2.298775510,277.183
2.301678005,277.183
2.304580499,277.183
2.307482993,277.183
2.310385488,277.183
2.313287982,277.183
2.316190476,275.586
2.319092971,275.586
2.321995465,275.586
2.324897959,275.586
2.327800454,273.999
2.330702948,273.999
2.333605442,273.999
2.336507937,273.999
2.339410431,273.999
2.342312925,273.999
2.345215420,273.999
2.348117914,272.421
2.351020408,272.421
2.353922902,272.421
2.356825397,272.421
2.359727891,272.421
2.362630385,272.421
2.365532880,270.852
2.368435374,270.852
2.371337868,270.852
2.374240363,270.852
2.377142857,270.852
2.380045351,270.852
2.382947846,270.852
2.385850340,270.852
2.388752834,270.852
2.391655329,270.852
2.394557823,270.852
2.397460317,270.852
2.400362812,270.852
2.403265306,270.852
2.406167800,270.852
2.409070295,270.852
2.411972789,270.852
2.414875283,270.852
2.417777778,270.852
2.420680272,270.852
2.423582766,270.852
2.426485261,270.852
2.429387755,270.852
2.432290249,270.852
2.435192744,270.852
2.438095238,270.852
2.440997732,270.852
2.443900227,270.852
2.446802721,270.852
2.449705215,270.852
2.452607710,270.852
2.455510204,270.852
2.458412698,270.852
2.461315193,270.852
2.464217687,270.852
2.467120181,270.852
2.470022676,270.852
2.472925170,270.852
2.475827664,269.292
2.478730159,269.292
2.481632653,269.292
2.484535147,269.292
2.487437642,269.292
2.490340136,267.741
2.493242630,269.292
2.496145125,269.292
2.499047619,267.741
2.501950113,267.741
2.504852608,267.741
2.507755102,267.741
2.510657596,267.741
2.513560091,267.741
2.516462585,267.741
2.519365079,267.741
2.522267574,267.741
2.525170068,267.741
2.528072562,267.741
2.530975057,267.741
2.533877551,267.741
2.536780045,267.741
2.539682540,267.741
2.542585034,267.741
2.545487528,267.741
2.548390023,267.741
2.551292517,267.741
2.554195011,269.292
2.557097506,269.292
2.560000000,269.292
2.562902494,269.292
2.565804989,269.292
2.568707483,269.292
2.571609977,269.292
2.574512472,269.292
2.577414966,269.292
2.580317460,269.292
2.583219955,269.292
2.586122449,270.852
2.589024943,270.852
2.591927438,270.852
2.594829932,270.852
2.597732426,270.852
2.600634921,270.852
2.603537415,270.852
2.606439909,270.852
2.609342404,270.852
2.612244898,272.421
2.615147392,272.421
2.618049887,272.421
2.620952381,272.421
2.623854875,272.421
2.626757370,272.421
2.629659864,272.421
2.632562358,272.421
2.635464853,272.421
2.638367347,272.421
2.641269841,272.421
2.644172336,272.421
2.647074830,270.852
2.649977324,269.292
2.652879819,266.199
2.655782313,266.199
2.658684807,264.665
2.661587302,260.119
2.664489796,260.119
2.667392290,258.621
2.670294785,252.714
2.673197279,242.699
2.676099773,239.912
2.679002268,235.79
2.681904762,233.082
2.684807256,229.078
2.687709751,223.846
2.690612245,221.274
2.693514739,218.733
2.696417234,216.221
2.699319728,214.975
2.702222222,211.282
2.705124717,208.855
2.708027211,208.855
2.710929705,207.652
2.713832200,206.456
2.716734694,205.267
2.719637188,205.267
2.722539683,204.085
2.725442177,204.085
2.728344671,202.91
2.731247166,201.741
2.734149660,200.579
2.737052154,201.741
2.739954649,201.741
2.742857143,205.267
2.745759637,207.652
2.748662132,245.519
2.751564626,242.699
2.754467120,238.53
2.757369615,238.53
2.760272109,239.912
2.763174603,239.912
2.766077098,241.301
2.768979592,242.699
2.771882086,242.699
2.774784580,242.699
2.777687075,244.105
2.780589569,244.105
2.783492063,244.105
2.786394558,244.105
2.789297052,244.105
2.792199546,244.105
2.795102041,245.519
2.798004535,245.519
2.800907029,245.519
2.803809524,246.942
2.806712018,246.942
2.809614512,248.372
2.812517007,248.372
2.815419501,249.811
2.818321995,251.258
2.821224490,252.714
2.824126984,252.714
2.827029478,254.178
2.829931973,254.178
2.832834467,254.178
2.835736961,255.65
2.838639456,255.65
2.841541950,255.65
2.844444444,257.131
2.847346939,257.131
2.850249433,257.131
2.853151927,258.621
2.856054422,258.621
2.858956916,260.119
2.861859410,260.119
2.864761905,261.626
2.867664399,261.626
2.870566893,261.626
2.873469388,261.626
2.876371882,261.626
2.879274376,261.626
2.882176871,261.626
2.885079365,261.626
2.887981859,261.626
2.890884354,261.626
2.893786848,261.626
2.896689342,261.626
2.899591837,261.626
2.902494331,261.626
2.905396825,263.141
2.908299320,263.141
2.911201814,263.141
2.914104308,263.141
2.917006803,263.141
2.919909297,263.141
2.922811791,263.141
2.925714286,263.141
2.928616780,263.141
2.931519274,261.626
2.934421769,263.141
2.937324263,263.141
2.940226757,263.141
2.943129252,263.141
2.946031746,263.141
2.948934240,263.141
2.951836735,264.665
2.954739229,264.665
2.957641723,264.665
2.960544218,266.199
2.963446712,266.199
2.966349206,267.741
2.969251701,267.741
2.972154195,267.741
2.975056689,269.292
2.977959184,269.292
2.980861678,270.852
2.983764172,270.852
2.986666667,270.852
2.989569161,272.421
2.992471655,272.421
2.995374150,273.999
2.998276644,272.421
3.001179138,273.999
3.004081633,273.999
3.006984127,273.999
3.009886621,275.586
3.012789116,275.586
3.015691610,275.586
3.018594104,277.183
3.021496599,277.183
3.024399093,277.183
3.027301587,277.183
3.030204082,278.788
3.033106576,278.788
3.036009070,278.788
3.038911565,280.403
3.041814059,280.403
3.044716553,280.403
3.047619048,280.403
3.050521542,280.403
3.053424036,280.403
3.056326531,280.403
3.059229025,280.403
3.062131519,280.403
3.065034014,280.403
3.067936508,280.403
3.070839002,278.788
3.073741497,278.788
3.076643991,278.788
3.079546485,277.183
3.082448980,277.183
3.085351474,275.586
3.088253968,275.586
3.091156463,273.999
3.094058957,273.999
3.096961451,273.999
3.099863946,272.421
3.102766440,270.852
3.105668934,270.852
3.108571429,270.852
3.111473923,269.292
3.114376417,269.292
3.117278912,269.292
3.120181406,269.292
3.123083900,269.292
3.125986395,269.292
3.128888889,269.292
3.131791383,269.292
3.134693878,267.741
3.137596372,267.741
3.140498866,267.741
3.143401361,267.741
3.146303855,267.741
3.149206349,267.741
3.152108844,267.741
3.155011338,269.292
3.157913832,269.292
3.160816327,270.852
3.163718821,270.852
3.166621315,270.852
3.169523810,272.421
3.172426304,272.421
3.175328798,272.421
3.178231293,273.999
3.181133787,273.999
3.184036281,273.999
3.186938776,275.586
3.189841270,275.586
3.192743764,275.586
3.195646259,277.183
3.198548753,277.183
3.201451247,277.183
3.204353741,277.183
3.207256236,277.183
3.210158730,277.183
3.213061224,277.183
3.215963719,277.183
3.218866213,277.183
3.221768707,277.183
3.224671202,277.183
3.227573696,278.788
3.230476190,278.788
3.233378685,278.788
3.236281179,278.788
3.239183673,278.788
3.242086168,277.183
3.244988662,278.788
3.247891156,277.183
3.250793651,277.183
3.253696145,277.183
3.256598639,275.586
3.259501134,275.586
3.262403628,273.999
3.265306122,273.999
3.268208617,272.421
3.271111111,270.852
3.274013605,270.852
3.276916100,269.292
3.279818594,267.741
3.282721088,267.741
3.285623583,266.199
3.288526077,264.665
3.291428571,264.665
3.294331066,263.141
3.297233560,263.141
3.300136054,263.141
3.303038549,263.141
3.305941043,267.741
3.308843537,270.852
3.311746032,273.999
3.314648526,275.586
3.317551020,277.183
3.320453515,278.788
3.323356009,278.788
3.326258503,275.586
3.329160998,272.421
3.332063492,270.852
3.334965986,270.852
3.337868481,272.421
3.340770975,272.421
3.343673469,272.421
3.346575964,270.852
3.349478458,270.852
3.352380952,270.852
3.355283447,269.292
3.358185941,269.292
3.361088435,269.292
3.363990930,267.741
3.366893424,266.199
3.369795918,267.741
3.372698413,264.665
3.375600907,264.665
3.378503401,261.626
3.381405896,261.626
3.384308390,261.626
3.387210884,263.141
3.390113379,261.626
3.393015873,264.665
3.395918367,267.741
3.398820862,269.292
3.401723356,269.292
3.404625850,269.292
3.407528345,267.741
3.410430839,267.741
3.413333333,267.741
3.416235828,267.741
3.419138322,266.199
3.422040816,266.199
3.424943311,266.199
3.427845805,266.199
3.430748299,266.199
3.433650794,267.741
3.436553288,267.741
3.439455782,267.741
3.442358277,267.741
3.445260771,269.292
3.448163265,269.292
3.451065760,269.292
3.453968254,270.852
3.456870748,269.292
3.459773243,270.852
3.462675737,270.852
3.465578231,269.292
3.468480726,269.292
3.471383220,269.292
3.474285714,269.292
3.477188209,269.292
3.480090703,270.852
3.482993197,270.852
3.485895692,270.852
3.488798186,270.852
3.491700680,270.852
3.494603175,270.852
3.497505669,270.852
3.500408163,270.852
3.503310658,270.852
3.506213152,272.421
3.509115646,272.421
3.512018141,272.421
3.514920635,272.421
3.517823129,272.421
3.520725624,272.421
3.523628118,272.421
3.526530612,272.421
3.529433107,272.421
3.532335601,273.999
3.535238095,273.999
3.538140590,273.999
3.541043084,273.999
3.543945578,273.999
3.546848073,273.999
3.549750567,273.999
3.552653061,273.999
3.555555556,275.586
3.558458050,275.586
3.561360544,275.586
3.564263039,275.586
3.567165533,277.183
3.570068027,277.183
3.572970522,277.183
3.575873016,277.183
3.578775510,277.183
3.581678005,278.788
3.584580499,278.788
3.587482993,278.788
3.590385488,278.788
3.593287982,278.788
3.596190476,278.788
3.599092971,278.788
3.601995465,278.788
3.604897959,278.788
3.607800454,278.788
3.610702948,278.788
3.613605442,278.788
3.616507937,278.788
3.619410431,278.788
3.622312925,277.183
3.625215420,277.183
3.628117914,277.183
3.631020408,277.183
3.633922902,275.586
3.636825397,275.586
3.639727891,275.586
3.642630385,275.586
3.645532880,273.999
3.648435374,273.999
3.651337868,275.586
3.654240363,273.999
3.657142857,273.999
3.660045351,273.999
3.662947846,273.999
3.665850340,273.999
3.668752834,273.999
3.671655329,273.999
3.674557823,273.999
3.677460317,273.999
3.680362812,273.999
3.683265306,273.999
3.686167800,272.421
3.689070295,272.421
3.691972789,273.999
3.694875283,272.421
3.697777778,272.421
3.700680272,272.421
3.703582766,272.421
3.706485261,272.421
3.709387755,272.421
3.712290249,272.421
3.715192744,273.999
3.718095238,273.999
3.720997732,273.999
3.723900227,273.999
3.726802721,275.586
3.729705215,275.586
3.732607710,275.586
3.735510204,275.586
3.738412698,277.183
3.741315193,277.183
3.744217687,277.183
3.747120181,278.788
3.750022676,278.788
3.752925170,278.788
3.755827664,278.788
3.758730159,278.788
3.761632653,278.788
3.764535147,280.403
3.767437642,278.788
3.770340136,278.788
3.773242630,278.788
3.776145125,277.183
3.779047619,275.586
3.781950113,273.999
3.784852608,272.421
3.787755102,269.292
3.790657596,267.741
3.793560091,266.199
3.796462585,263.141
3.799365079,261.626
3.802267574,261.626
3.805170068,260.119
3.808072562,258.621
3.810975057,258.621
3.813877551,261.626
3.816780045,263.141
3.819682540,266.199
3.822585034,270.852
3.825487528,273.999
3.828390023,275.586
3.831292517,277.183
3.834195011,278.788
3.837097506,280.403
3.840000000,278.788
3.842902494,277.183
3.845804989,275.586
3.848707483,275.586
3.851609977,273.999
3.854512472,273.999
3.857414966,272.421
3.860317460,272.421
3.863219955,270.852
3.866122449,270.852
3.869024943,269.292
3.871927438,267.741
3.874829932,266.199
3.877732426,266.199
3.880634921,263.141
3.883537415,263.141
3.886439909,263.141
3.889342404,261.626
3.892244898,261.626
3.895147392,261.626
3.898049887,258.621
3.900952381,255.65
3.903854875,254.178
3.906757370,-220
3.909659864,-220
3.912562358,-220
3.915464853,-220
3.918367347,-220
3.921269841,-220
3.924172336,-220
3.927074830,-220
3.929977324,-220
3.932879819,-220
3.935782313,-220
3.938684807,-220
3.941587302,-220
3.944489796,-220
3.947392290,-220
3.950294785,-220
3.953197279,-220
3.956099773,-220
3.959002268,-220
3.961904762,-220
3.964807256,-220
3.967709751,-220
3.970612245,-220
3.973514739,-220
3.976417234,-220
3.979319728,-220
3.982222222,-220
3.985124717,-220
3.988027211,-220
3.990929705,-220
3.993832200,-220
3.996734694,-220
3.999637188,-220
4.002539683,-220
4.005442177,-220
4.008344671,-220
4.011247166,-220
4.014149660,-220
4.017052154,-220
4.019954649,-220
4.022857143,-220
4.025759637,-220
4.028662132,-220
4.031564626,-220
4.034467120,-220
4.037369615,-220
4.040272109,-220
4.043174603,-220
4.046077098,-220
4.048979592,-220
4.051882086,-220
4.054784580,-220
4.057687075,-220
4.060589569,-220
4.063492063,-220
4.066394558,-220
4.069297052,-220
4.072199546,-220
4.075102041,-220
4.078004535,-220
4.080907029,-220
4.083809524,-220
4.086712018,-220
4.089614512,-220
4.092517007,-220
4.095419501,-220
4.098321995,-220
4.101224490,-220
4.104126984,-220
4.107029478,-220
4.109931973,-220
4.112834467,-220
4.115736961,-220
4.118639456,-220
4.121541950,-220
4.124444444,-220
4.127346939,-220
4.130249433,-220
4.133151927,-220
4.136054422,-220
4.138956916,-220
4.141859410,-220
4.144761905,-220
4.147664399,-220
4.150566893,-220
4.153469388,-220
4.156371882,-220
4.159274376,-220
4.162176871,-220
4.165079365,-220
4.167981859,-220
4.170884354,-220
4.173786848,-220
4.176689342,-220
4.179591837,-220
4.182494331,-220
4.185396825,-220
4.188299320,-220
4.191201814,-220
4.194104308,-220
4.197006803,-220
4.199909297,-220
4.202811791,-220
4.205714286,-220
4.208616780,-220
4.211519274,-220
4.214421769,-220
4.217324263,-220
4.220226757,-220
4.223129252,-220
4.226031746,-220
4.228934240,-220
4.231836735,-220
4.234739229,-220
4.237641723,-220
4.240544218,-220
4.243446712,-220
4.246349206,-220
4.249251701,-220
4.252154195,-220
4.255056689,-220
4.257959184,-220
4.260861678,-220
4.263764172,-220
4.266666667,-220
4.269569161,-220
4.272471655,-220
4.275374150,-220
4.278276644,-220
4.281179138,-220
4.284081633,-220
4.286984127,-220
4.289886621,-220
4.292789116,-220
4.295691610,-220
4.298594104,-220
4.301496599,-220
4.304399093,-220
4.307301587,-220
4.310204082,-220
4.313106576,-220
4.316009070,-220
4.318911565,-220
4.321814059,-220
4.324716553,-220
4.327619048,-220
4.330521542,-220
4.333424036,-220
4.336326531,-220
4.339229025,-220
4.342131519,-220
4.345034014,-220
4.347936508,-220
4.350839002,-220
4.353741497,-220
4.356643991,-220
4.359546485,-220
4.362448980,-220
4.365351474,-220
4.368253968,-220
4.371156463,-220
4.374058957,-220
4.376961451,-220
4.379863946,-220
4.382766440,-220
4.385668934,-220
4.388571429,-220
4.391473923,-220
4.394376417,-220
4.397278912,-220
4.400181406,-220
4.403083900,-220
4.405986395,-220
4.408888889,-220
4.411791383,-220
4.414693878,-220
4.417596372,-220
4.420498866,-220
4.423401361,-220
4.426303855,-220
4.429206349,-220
4.432108844,-220
4.435011338,-220
4.437913832,-220
4.440816327,-220
4.443718821,-220
4.446621315,-220
4.449523810,-220
4.452426304,-220
4.455328798,-220
4.458231293,-220
4.461133787,-220
4.464036281,-220
4.466938776,-220
4.469841270,-220
4.472743764,-220
4.475646259,-220
4.478548753,-220
4.481451247,-220
4.484353741,-220
4.487256236,-220
4.490158730,-220
4.493061224,-220
4.495963719,-220
4.498866213,-220
4.501768707,-220
4.504671202,-220
4.507573696,-220
4.510476190,-220
4.513378685,-220
4.516281179,-220
4.519183673,-220
4.522086168,-220
4.524988662,-220
4.527891156,-220
4.530793651,-220
4.533696145,-220
4.536598639,-220
4.539501134,-220
4.542403628,-220
4.545306122,-220
4.548208617,-220
4.551111111,-220
4.554013605,-220
4.556916100,-220
4.559818594,-220
4.562721088,-220
4.565623583,-220
4.568526077,-220
4.571428571,-220
4.574331066,-220
4.577233560,-220
4.580136054,-220
4.583038549,-220
4.585941043,-220
4.588843537,-220
4.591746032,-220
4.594648526,-220
4.597551020,-220
4.600453515,-220
4.603356009,-220
4.606258503,-220
4.609160998,-220
4.612063492,-220
4.614965986,-220
4.617868481,-220
4.620770975,-220
4.623673469,-220
4.626575964,-220
4.629478458,-220
4.632380952,-220
4.635283447,-220
4.638185941,-220
4.641088435,-220
4.643990930,-220
4.646893424,217.473
4.649795918,218.733
4.652698413,221.274
4.655600907,221.274
4.658503401,225.142
4.661405896,226.446
4.664308390,227.758
4.667210884,229.078
4.670113379,230.405
4.673015873,231.739
4.675918367,233.082
4.678820862,234.432
4.681723356,235.79
4.684625850,235.79
4.687528345,237.156
4.690430839,238.53
4.693333333,238.53
4.696235828,239.912
4.699138322,239.912
4.702040816,241.301
4.704943311,241.301
4.707845805,241.301
4.710748299,242.699
4.713650794,242.699
4.716553288,244.105
4.719455782,244.105
4.722358277,245.519
4.725260771,245.519
4.728163265,246.942
4.731065760,246.942
4.733968254,248.372
4.736870748,248.372
4.739773243,248.372
4.742675737,249.811
4.745578231,249.811
4.748480726,251.258
4.751383220,251.258
4.754285714,252.714
4.757188209,252.714
4.760090703,252.714
4.762993197,254.178
4.765895692,254.178
4.768798186,255.65
4.771700680,255.65
4.774603175,255.65
4.777505669,255.65
4.780408163,257.131
4.783310658,257.131
4.786213152,258.621
4.789115646,258.621
4.792018141,258.621
4.794920635,260.119
4.797823129,260.119
4.800725624,260.119
4.803628118,260.119
4.806530612,261.626
4.809433107,263.141
4.812335601,264.665
4.815238095,266.199
4.818140590,269.292
4.821043084,269.292
4.823945578,270.852
4.826848073,270.852
4.829750567,272.421
4.832653061,272.421
4.835555556,272.421
4.838458050,272.421
4.841360544,272.421
4.844263039,272.421
4.847165533,272.421
4.850068027,272.421
4.852970522,270.852
4.855873016,270.852
4.858775510,270.852
4.861678005,270.852
4.864580499,269.292
4.867482993,269.292
4.870385488,267.741
4.873287982,267.741
4.876190476,267.741
4.879092971,267.741
4.881995465,267.741
4.884897959,267.741
4.887800454,267.741
4.890702948,267.741
4.893605442,267.741
4.896507937,267.741
4.899410431,267.741
4.902312925,267.741
4.905215420,267.741
4.908117914,267.741
4.911020408,267.741
4.913922902,267.741
4.916825397,267.741
4.919727891,267.741
4.922630385,269.292
4.925532880,269.292
4.928435374,269.292
4.931337868,269.292
4.934240363,269.292
4.937142857,269.292
4.940045351,269.292
4.942947846,269.292
4.945850340,270.852
4.948752834,270.852
4.951655329,270.852
4.954557823,270.852
4.957460317,270.852
4.960362812,270.852
4.963265306,269.292
4.966167800,269.292
4.969070295,269.292
4.971972789,269.292
4.974875283,269.292
4.977777778,269.292
4.980680272,269.292
4.983582766,269.292
4.986485261,267.741
4.989387755,269.292
4.992290249,267.741
4.995192744,266.199
4.998095238,264.665
5.000997732,263.141
5.003900227,260.119
5.006802721,258.621
5.009705215,252.714
5.012607710,245.519
5.015510204,241.301
5.018412698,235.79
5.021315193,233.082
5.024217687,229.078
5.027120181,225.142
5.030022676,222.556
5.032925170,221.274
5.035827664,220
5.038730159,218.733
5.041632653,218.733
5.044535147,218.733
5.047437642,218.733
5.050340136,221.274
5.053242630,223.846
5.056145125,227.758
5.059047619,230.405
5.061950113,233.082
5.064852608,238.53
5.067755102,239.912
5.070657596,244.105
5.073560091,244.105
5.076462585,245.519
5.079365079,245.519
5.082267574,245.519
5.085170068,245.519
5.088072562,245.519
5.090975057,246.942
5.093877551,246.942
5.096780045,246.942
5.099682540,246.942
5.102585034,246.942
5.105487528,246.942
5.108390023,248.372
5.111292517,248.372
5.114195011,248.372
5.117097506,248.372
5.120000000,248.372
5.122902494,248.372
5.125804989,248.372
5.128707483,248.372
5.131609977,248.372
5.134512472,248.372
5.137414966,248.372
5.140317460,248.372
5.143219955,248.372
5.146122449,248.372
5.149024943,248.372
5.151927438,248.372
5.154829932,248.372
5.157732426,248.372
5.160634921,248.372
5.163537415,249.811
5.166439909,249.811
5.169342404,249.811
5.172244898,249.811
5.175147392,249.811
5.178049887,249.811
5.180952381,251.258
5.183854875,251.258
5.186757370,251.258
5.189659864,251.258
5.192562358,251.258
5.195464853,251.258
5.198367347,251.258
5.201269841,251.258
5.204172336,249.811
5.207074830,249.811
5.209977324,249.811
5.212879819,249.811
5.215782313,249.811
5.218684807,249.811
5.221587302,249.811
5.224489796,248.372
5.227392290,248.372
5.230294785,248.372
5.233197279,246.942
5.236099773,248.372
5.239002268,246.942
5.241904762,246.942
5.244807256,248.372
5.247709751,248.372
5.250612245,248.372
5.253514739,248.372
5.256417234,248.372
5.259319728,249.811
5.262222222,249.811
5.265124717,249.811
5.268027211,251.258
5.270929705,251.258
5.273832200,252.714
5.276734694,252.714
5.279637188,252.714
5.282539683,252.714
5.285442177,254.178
5.288344671,254.178
5.291247166,255.65
5.294149660,255.65
5.297052154,257.131
5.299954649,257.131
5.302857143,258.621
5.305759637,260.119
5.308662132,261.626
5.311564626,263.141
5.314467120,264.665
5.317369615,266.199
5.320272109,267.741
5.323174603,269.292
5.326077098,269.292
5.328979592,270.852
5.331882086,272.421
5.334784580,273.999
5.337687075,273.999
5.340589569,275.586
5.343492063,275.586
5.346394558,277.183
5.349297052,277.183
5.352199546,278.788
5.355102041,278.788
5.358004535,280.403
5.360907029,280.403
5.363809524,282.028
5.366712018,282.028
5.369614512,282.028
5.372517007,283.661
5.375419501,283.661
5.378321995,283.661
5.381224490,283.661
5.384126984,285.305
5.387029478,285.305
5.389931973,285.305
5.392834467,285.305
5.395736961,285.305
5.398639456,285.305
5.401541950,285.305
5.404444444,283.661
5.407346939,282.028
5.410249433,282.028
5.413151927,282.028
5.416054422,280.403
5.418956916,280.403
5.421859410,280.403
5.424761905,280.403
5.427664399,280.403
5.430566893,280.403
5.433469388,280.403
5.436371882,280.403
5.439274376,280.403
5.442176871,282.028
5.445079365,282.028
5.447981859,282.028
5.450884354,282.028
5.453786848,282.028
5.456689342,282.028
5.459591837,280.403
5.462494331,278.788
5.465396825,277.183
5.468299320,275.586
5.471201814,273.999
5.474104308,282.028
5.477006803,282.028
5.479909297,282.028
5.482811791,282.028
5.485714286,282.028
5.488616780,282.028
5.491519274,282.028
5.494421769,272.421
5.497324263,275.586
5.500226757,278.788
5.503129252,278.788
5.506031746,278.788
5.508934240,280.403
5.511836735,278.788
5.514739229,280.403
5.517641723,280.403
5.520544218,278.788
5.523446712,278.788
5.526349206,278.788
5.529251701,278.788
5.532154195,278.788
5.535056689,278.788
5.537959184,278.788
5.540861678,278.788
5.543764172,277.183
5.546666667,275.586
5.549569161,275.586
5.552471655,277.183
5.555374150,278.788
5.558276644,278.788
5.561179138,282.028
5.564081633,283.661
5.566984127,286.957
5.569886621,286.957
5.572789116,290.292
5.575691610,291.973
5.578594104,291.973
5.581496599,291.973
5.584399093,293.665
5.587301587,293.665
5.590204082,295.366
5.593106576,297.077
5.596009070,298.798
5.598911565,300.529
5.601814059,302.27
5.604716553,304.021
5.607619048,304.021
5.610521542,305.782
5.613424036,305.782
5.616326531,307.553
5.619229025,309.335
5.622131519,309.335
5.625034014,311.127
5.627936508,311.127
5.630839002,312.929
5.633741497,312.929
5.636643991,312.929
5.639546485,312.929
5.642448980,311.127
5.645351474,311.127
5.648253968,311.127
5.651156463,311.127
5.654058957,311.127
5.656961451,311.127
5.659863946,311.127
5.662766440,311.127
5.665668934,311.127
5.668571429,311.127
5.671473923,311.127
5.674376417,311.127
5.677278912,311.127
5.680181406,311.127
5.683083900,309.335
5.685986395,309.335
5.688888889,309.335
5.691791383,309.335
5.694693878,309.335
5.697596372,309.335
5.700498866,309.335
5.703401361,309.335
5.706303855,309.335
5.709206349,309.335
5.712108844,309.335
5.715011338,309.335
5.717913832,309.335
5.720816327,309.335
5.723718821,309.335
5.726621315,311.127
5.729523810,311.127
5.732426304,311.127
5.735328798,312.929
5.738231293,312.929
5.741133787,314.742
5.744036281,314.742
5.746938776,314.742
5.749841270,316.565
5.752743764,316.565
5.755646259,318.399
5.758548753,318.399
5.761451247,320.244
5.764353741,320.244
5.767256236,322.099
5.770158730,322.099
5.773061224,323.965
5.775963719,327.729
5.778866213,327.729
5.781768707,327.729
5.784671202,329.628
5.787573696,331.537
5.790476190,331.537
5.793378685,331.537
5.796281179,331.537
5.799183673,333.458
5.802086168,333.458
5.804988662,333.458
5.807891156,333.458
5.810793651,333.458
5.813696145,333.458
5.816598639,333.458
5.819501134,333.458
5.822403628,333.458
5.825306122,333.458
5.828208617,333.458
5.831111111,333.458
5.834013605,333.458
5.836916100,333.458
5.839818594,331.537
5.842721088,331.537
5.845623583,331.537
5.848526077,331.537
5.851428571,331.537
5.854331066,329.628
5.857233560,329.628
5.860136054,329.628
5.863038549,329.628
5.865941043,329.628
5.868843537,327.729
5.871746032,327.729
5.874648526,327.729
5.877551020,327.729
5.880453515,327.729
5.883356009,327.729
5.886258503,327.729
5.889160998,327.729
5.892063492,327.729
5.894965986,327.729
5.897868481,325.841
5.900770975,325.841
5.903673469,325.841
5.906575964,325.841
5.909478458,325.841
5.912380952,325.841
5.915283447,325.841
5.918185941,325.841
5.921088435,325.841
5.923990930,325.841
5.926893424,325.841
5.929795918,325.841
5.932698413,325.841
5.935600907,325.841
5.938503401,325.841
5.941405896,325.841
5.944308390,325.841
5.947210884,325.841
5.950113379,325.841
5.953015873,325.841
5.955918367,325.841
5.958820862,325.841
5.961723356,327.729
5.964625850,327.729
5.967528345,327.729
5.970430839,327.729
5.973333333,327.729
5.976235828,327.729
5.979138322,327.729
5.982040816,327.729
5.984943311,327.729
5.987845805,327.729
5.990748299,327.729
5.993650794,327.729
5.996553288,327.729
5.999455782,327.729
6.002358277,327.729
6.005260771,327.729
6.008163265,327.729
6.011065760,327.729
6.013968254,325.841
6.016870748,325.841
6.019773243,325.841
6.022675737,325.841
6.025578231,325.841
6.028480726,325.841
6.031383220,325.841
6.034285714,325.841
6.037188209,325.841
6.040090703,325.841
6.042993197,325.841
6.045895692,325.841
6.048798186,325.841
6.051700680,325.841
6.054603175,325.841
6.057505669,325.841
6.060408163,325.841
6.063310658,325.841
6.066213152,325.841
6.069115646,325.841
6.072018141,325.841
6.074920635,325.841
6.077823129,325.841
6.080725624,325.841
6.083628118,325.841
6.086530612,325.841
6.089433107,325.841
6.092335601,325.841
6.095238095,325.841
6.098140590,325.841
6.101043084,325.841
6.103945578,325.841
6.106848073,323.965
6.109750567,323.965
6.112653061,323.965
6.115555556,323.965
6.118458050,323.965
6.121360544,323.965
6.124263039,323.965
6.127165533,323.965
6.130068027,323.965
6.132970522,322.099
6.135873016,322.099
6.138775510,322.099
6.141678005,322.099
6.144580499,322.099
6.147482993,320.244
6.150385488,320.244
6.153287982,320.244
6.156190476,318.399
6.159092971,318.399
6.161995465,318.399
6.164897959,318.399
6.167800454,316.565
6.170702948,316.565
6.173605442,314.742
6.176507937,314.742
6.179410431,312.929
6.182312925,312.929
6.185215420,311.127
6.188117914,309.335
6.191020408,304.021
6.193922902,300.529
6.196825397,297.077
6.199727891,293.665
6.202630385,291.973
6.205532880,288.62
6.208435374,286.957
6.211337868,283.661
6.214240363,282.028
6.217142857,278.788
6.220045351,277.183
6.222947846,275.586
6.225850340,273.999
6.228752834,272.421
6.231655329,270.852
6.234557823,269.292
6.237460317,267.741
6.240362812,266.199
6.243265306,264.665
6.246167800,263.141
6.249070295,263.141
6.251972789,263.141
6.254875283,263.141
6.257777778,261.626
6.260680272,261.626
6.263582766,261.626
6.266485261,260.119
6.269387755,260.119
6.272290249,260.119
6.275192744,258.621
6.278095238,258.621
6.280997732,258.621
6.283900227,258.621
6.286802721,258.621
6.289705215,257.131
6.292607710,258.621
6.295510204,258.621
6.298412698,260.119
6.301315193,261.626
6.304217687,261.626
6.307120181,263.141
6.310022676,263.141
6.312925170,264.665
6.315827664,264.665
6.318730159,266.199
6.321632653,266.199
6.324535147,267.741
6.327437642,267.741
6.330340136,267.741
6.333242630,267.741
6.336145125,269.292
6.339047619,269.292
6.341950113,270.852
6.344852608,270.852
6.347755102,270.852
6.350657596,272.421
6.353560091,272.421
6.356462585,273.999
6.359365079,275.586
6.362267574,275.586
6.365170068,275.586
6.368072562,275.586
6.370975057,277.183
6.373877551,277.183
6.376780045,277.183
6.379682540,277.183
6.382585034,277.183
6.385487528,275.586
6.388390023,275.586
6.391292517,275.586
6.394195011,275.586
6.397097506,275.586
6.400000000,273.999
6.402902494,273.999
6.405804989,273.999
6.408707483,273.999
6.411609977,273.999
6.414512472,272.421
6.417414966,272.421
6.420317460,272.421
6.423219955,272.421
6.426122449,272.421
6.429024943,272.421
6.431927438,270.852
6.434829932,270.852
6.437732426,270.852
6.440634921,270.852
6.443537415,270.852
6.446439909,269.292
6.449342404,269.292
6.452244898,269.292
6.455147392,267.741
6.458049887,267.741
6.460952381,267.741
6.463854875,267.741
6.466757370,267.741
6.469659864,267.741
6.472562358,266.199
6.475464853,266.199
6.478367347,266.199
6.481269841,266.199
6.484172336,266.199
6.487074830,266.199
6.489977324,267.741
6.492879819,267.741
6.495782313,267.741
6.498684807,267.741
6.501587302,267.741
6.504489796,267.741
6.507392290,267.741
6.510294785,269.292
6.513197279,269.292
6.516099773,269.292
6.519002268,270.852
6.521904762,270.852
6.524807256,272.421
6.527709751,272.421
6.530612245,273.999
6.533514739,275.586
6.536417234,275.586
6.539319728,275.586
6.542222222,275.586
6.545124717,275.586
6.548027211,275.586
6.550929705,273.999
6.553832200,273.999
6.556734694,272.421
6.559637188,270.852
6.562539683,267.741
6.565442177,267.741
6.568344671,266.199
6.571247166,266.199
6.574149660,266.199
6.577052154,267.741
6.579954649,267.741
6.582857143,270.852
6.585759637,272.421
6.588662132,272.421
6.591564626,273.999
6.594467120,273.999
6.597369615,272.421
6.600272109,272.421
6.603174603,273.999
6.606077098,272.421
6.608979592,272.421
6.611882086,272.421
6.614784580,270.852
6.617687075,272.421
6.620589569,270.852
6.623492063,270.852
6.626394558,269.292
6.629297052,269.292
6.632199546,267.741
6.635102041,264.665
6.638004535,264.665
6.640907029,264.665
6.643809524,261.626
6.646712018,261.626
6.649614512,260.119
6.652517007,258.621
6.655419501,258.621
6.658321995,257.131
6.661224490,257.131
6.664126984,255.65
6.667029478,254.178
6.669931973,252.714
6.672834467,251.258
6.675736961,251.258
6.678639456,249.811
6.681541950,248.372
6.684444444,248.372
6.687346939,248.372
6.690249433,248.372
6.693151927,246.942
6.696054422,246.942
6.698956916,-231.739
6.701859410,-229.078
6.704761905,-226.446
6.707664399,-223.846
6.710566893,-222.556
6.713469388,-221.274
6.716371882,-220
6.719274376,-218.733
6.722176871,-217.473
6.725079365,-217.473
6.727981859,-217.473
6.730884354,-216.221
6.733786848,-214.975
6.736689342,-214.975
6.739591837,-213.737
6.742494331,-213.737
6.745396825,-212.506
6.748299320,-212.506
6.751201814,-212.506
6.754104308,-211.282
6.757006803,-211.282
6.759909297,-211.282
6.762811791,-211.282
6.765714286,-211.282
6.768616780,-211.282
6.771519274,-211.282
6.774421769,-211.282
6.777324263,-211.282
6.780226757,-211.282
6.783129252,-211.282
6.786031746,-211.282
6.788934240,-211.282
6.791836735,-212.506
6.794739229,-212.506
6.797641723,-212.506
6.800544218,-213.737
6.803446712,-213.737
6.806349206,-214.975
6.809251701,-216.221
6.812154195,-217.473
6.815056689,-217.473
6.817959184,-218.733
6.820861678,-217.473
6.823764172,-217.473
6.826666667,-217.473
6.829569161,-221.274
6.832471655,-222.556
6.835374150,283.661
6.838276644,278.788
6.841179138,272.421
6.844081633,270.852
6.846984127,270.852
6.849886621,272.421
6.852789116,270.852
6.855691610,272.421
6.858594104,272.421
6.861496599,272.421
6.864399093,272.421
6.867301587,273.999
6.870204082,273.999
6.873106576,272.421
6.876009070,272.421
6.878911565,272.421
6.881814059,272.421
6.884716553,272.421
6.887619048,272.421
6.890521542,272.421
6.893424036,270.852
6.896326531,272.421
6.899229025,272.421
6.902131519,272.421
6.905034014,272.421
6.907936508,272.421
6.910839002,272.421
6.913741497,273.999
6.916643991,273.999
6.919546485,273.999
6.922448980,273.999
6.925351474,273.999
6.928253968,273.999
6.931156463,273.999
6.934058957,273.999
6.936961451,273.999
6.939863946,273.999
6.942766440,273.999
6.945668934,273.999
6.948571429,273.999
6.951473923,273.999
6.954376417,273.999
6.957278912,272.421
6.960181406,272.421
6.963083900,272.421
6.965986395,272.421
6.968888889,272.421
6.971791383,272.421
6.974693878,270.852
6.977596372,270.852
6.980498866,270.852
6.983401361,270.852
6.986303855,270.852
6.989206349,269.292
6.992108844,269.292
6.995011338,269.292
6.997913832,269.292
7.000816327,269.292
7.003718821,269.292
7.006621315,269.292
7.009523810,269.292
7.012426304,269.292
7.015328798,269.292
7.018231293,269.292
7.021133787,269.292
7.024036281,269.292
7.026938776,269.292
7.029841270,269.292
7.032743764,269.292
7.035646259,270.852
7.038548753,270.852
7.041451247,270.852
7.044353741,270.852
7.047256236,270.852
7.050158730,270.852
7.053061224,270.852
7.055963719,270.852
7.058866213,272.421
7.061768707,272.421
7.064671202,272.421
7.067573696,272.421
7.070476190,272.421
7.073378685,272.421
7.076281179,273.999
7.079183673,273.999
7.082086168,273.999
7.084988662,275.586
7.087891156,275.586
7.090793651,275.586
7.093696145,275.586
7.096598639,275.586
7.099501134,275.586
7.102403628,275.586
7.105306122,275.586
7.108208617,275.586
7.111111111,275.586
7.114013605,273.999
7.116916100,273.999
7.119818594,273.999
7.122721088,273.999
7.125623583,272.421
7.128526077,272.421
7.131428571,272.421
7.134331066,272.421
7.137233560,272.421
7.140136054,270.852
7.143038549,270.852
7.145941043,270.852
7.148843537,270.852
7.151746032,269.292
7.154648526,267.741
7.157551020,267.741
7.160453515,267.741
7.163356009,267.741
7.166258503,267.741
7.169160998,266.199
7.172063492,266.199
7.174965986,266.199
7.177868481,266.199
7.180770975,266.199
7.183673469,266.199
7.186575964,266.199
7.189478458,266.199
7.192380952,266.199
7.195283447,266.199
7.198185941,266.199
7.201088435,266.199
7.203990930,266.199
7.206893424,266.199
7.209795918,264.665
7.212698413,264.665
7.215600907,263.141
7.218503401,263.141
7.221405896,263.141
7.224308390,261.626
7.227210884,260.119
7.230113379,260.119
7.233015873,258.621
7.235918367,257.131
7.238820862,255.65
7.241723356,255.65
7.244625850,254.178
7.247528345,252.714
7.250430839,252.714
7.253333333,252.714
7.256235828,251.258
7.259138322,251.258
7.262040816,249.811
7.264943311,249.811
7.267845805,248.372
7.270748299,248.372
7.273650794,245.519
7.276553288,244.105
7.279455782,237.156
7.282358277,233.082
7.285260771,229.078
7.288163265,226.446
7.291065760,223.846
7.293968254,221.274
7.296870748,220
7.299773243,217.473
7.302675737,216.221
7.305578231,214.975
7.308480726,212.506
7.311383220,211.282
7.314285714,210.065
7.317188209,208.855
7.320090703,207.652
7.322993197,206.456
7.325895692,206.456
7.328798186,206.456
7.331700680,206.456
7.334603175,207.652
7.337505669,207.652
7.340408163,207.652
7.343310658,211.282
7.346213152,212.506
7.349115646,213.737
7.352018141,214.975
7.354920635,216.221
7.357823129,213.737
7.360725624,216.221
7.363628118,216.221
7.366530612,222.556
7.369433107,223.846
7.372335601,221.274
7.375238095,217.473
7.378140590,214.975
7.381043084,213.737
7.383945578,211.282
7.386848073,211.282
7.389750567,211.282
7.392653061,-220
7.395555556,-220
7.398458050,-220
7.401360544,-220
7.404263039,-220
7.407165533,-220
7.410068027,-220
7.412970522,-220
7.415873016,-220
7.418775510,-220
7.421678005,-220
7.424580499,-220
7.427482993,-220
7.430385488,-220
7.433287982,-220
7.436190476,-220
7.439092971,-220
7.441995465,-220
7.444897959,-220
7.447800454,-220
7.450702948,-220
7.453605442,-220
7.456507937,-220
7.459410431,-220
7.462312925,-220
7.465215420,-220
7.468117914,-220
7.471020408,-220
7.473922902,-220
7.476825397,-220
7.479727891,-220
7.482630385,-220
7.485532880,-220
7.488435374,-220
7.491337868,-220
7.494240363,-220
7.497142857,-220
7.500045351,-220
7.502947846,-220
7.505850340,-220
7.508752834,-220
7.511655329,-220
7.514557823,-220
7.517460317,-220
7.520362812,-220
7.523265306,-220
7.526167800,-220
7.529070295,-220
7.531972789,-220
7.534875283,-220
7.537777778,-220
7.540680272,-220
7.543582766,-220
7.546485261,-220
7.549387755,-220
7.552290249,-220
7.555192744,-220
7.558095238,-220
7.560997732,-220
7.563900227,-220
7.566802721,-220
7.569705215,-220
7.572607710,-220
7.575510204,-220
7.578412698,-220
7.581315193,-220
7.584217687,-220
7.587120181,-220
7.590022676,-220
7.592925170,-220
7.595827664,-220
7.598730159,-220
7.601632653,-220
7.604535147,-220
7.607437642,-220
7.610340136,-220
7.613242630,-220
7.616145125,-220
7.619047619,-220
7.621950113,-220
7.624852608,-220
7.627755102,-220
7.630657596,-220
7.633560091,-220
7.636462585,-220
7.639365079,-220
7.642267574,-220
7.645170068,-220
7.648072562,-220
7.650975057,-220
7.653877551,-220
7.656780045,-220
7.659682540,-220
7.662585034,-220
7.665487528,-220
7.668390023,-220
7.671292517,-220
7.674195011,-220
7.677097506,-220
7.680000000,-220
7.682902494,-220
7.685804989,-220
7.688707483,-220
7.691609977,-220
7.694512472,-220
7.697414966,-220
7.700317460,-220
7.703219955,-220
7.706122449,-220
7.709024943,-220
7.711927438,-220
7.714829932,-220
7.717732426,-220
7.720634921,-220
7.723537415,-220
7.726439909,-220
7.729342404,-220
7.732244898,-220
7.735147392,-220
7.738049887,-220
7.740952381,-220
7.743854875,-220
7.746757370,-220
7.749659864,-220
7.752562358,-220
7.755464853,-220
7.758367347,-220
7.761269841,-220
7.764172336,-220
7.767074830,-220
7.769977324,-220
7.772879819,-220
7.775782313,-220
7.778684807,-220
7.781587302,-220
7.784489796,-220
7.787392290,-220
7.790294785,-220
7.793197279,-220
7.796099773,-220
7.799002268,-220
7.801904762,-220
7.804807256,-220
7.807709751,-220
7.810612245,-220
7.813514739,-220
7.816417234,-220
7.819319728,-220
7.822222222,-220
7.825124717,-220
7.828027211,-220
7.830929705,-220
7.833832200,-220
7.836734694,-220
7.839637188,-220
7.842539683,-220
7.845442177,-220
7.848344671,-220
7.851247166,-220
7.854149660,-220
7.857052154,-220
7.859954649,-220
7.862857143,-220
7.865759637,-220
7.868662132,-220
7.871564626,-220
7.874467120,-220
7.877369615,-220
7.880272109,-220
7.883174603,-220
7.886077098,-220
7.888979592,-220
7.891882086,-220
7.894784580,-220
7.897687075,-220
7.900589569,-220
7.903492063,-220
7.906394558,-220
7.909297052,-220
7.912199546,-220
7.915102041,-220
7.918004535,-220
7.920907029,-220
7.923809524,-220
7.926712018,-220
7.929614512,-220
7.932517007,-220
7.935419501,-220
7.938321995,-220
7.941224490,-220
7.944126984,-220
7.947029478,-220
7.949931973,-220
7.952834467,-220
7.955736961,-220
7.958639456,-220
7.961541950,-220
7.964444444,-220
7.967346939,-220
7.970249433,-220
7.973151927,-220
7.976054422,-220
7.978956916,-220
7.981859410,-220
7.984761905,-220
7.987664399,-220
7.990566893,-220
7.993469388,-220
7.996371882,-220
7.999274376,-220
8.002176871,-220
8.005079365,-220
8.007981859,-220
8.010884354,-220
8.013786848,-210.065
8.016689342,-212.506
8.019591837,-214.975
8.022494331,-221.274
8.025396825,-220
8.028299320,-221.274
8.031201814,-221.274
8.034104308,-221.274
8.037006803,-222.556
8.039909297,-222.556
8.042811791,-223.846
8.045714286,-223.846
8.048616780,-222.556
8.051519274,-222.556
8.054421769,-221.274
8.057324263,-221.274
8.060226757,-220
8.063129252,-218.733
8.066031746,-213.737
8.068934240,-211.282
8.071836735,-211.282
8.074739229,-211.282
8.077641723,-211.282
8.080544218,-211.282
8.083446712,-210.065
8.086349206,-214.975
8.089251701,-216.221
8.092154195,-217.473
8.095056689,-218.733
8.097959184,-218.733
8.100861678,-218.733
8.103764172,-220
8.106666667,-220
8.109569161,-221.274
8.112471655,-220
8.115374150,-221.274
8.118276644,-221.274
8.121179138,-220
8.124081633,-218.733
8.126984127,-217.473
8.129886621,-218.733
8.132789116,-220
8.135691610,-220
8.138594104,-221.274
8.141496599,-221.274
8.144399093,-220
8.147301587,-218.733
8.150204082,-220
8.153106576,-220
8.156009070,-222.556
8.158911565,-223.846
8.161814059,-223.846
8.164716553,-221.274
8.167619048,-222.556
8.170521542,-222.556
8.173424036,-221.274
8.176326531,-221.274
8.179229025,-220
8.182131519,-217.473
8.185034014,-214.975
8.187936508,-214.975
8.190839002,-213.737
8.193741497,-218.733
8.196643991,-225.142
8.199546485,-233.082
8.202448980,261.626
8.205351474,252.714
8.208253968,252.714
8.211156463,251.258
8.214058957,249.811
8.216961451,249.811
8.219863946,249.811
8.222766440,249.811
8.225668934,251.258
8.228571429,251.258
8.231473923,252.714
8.234376417,252.714
8.237278912,252.714
8.240181406,252.714
8.243083900,252.714
8.245986395,252.714
8.248888889,252.714
8.251791383,252.714
8.254693878,251.258
8.257596372,251.258
8.260498866,251.258
8.263401361,249.811
8.266303855,249.811
8.269206349,249.811
8.272108844,249.811
8.275011338,249.811
8.277913832,249.811
8.280816327,249.811
8.283718821,248.372
8.286621315,248.372
8.289523810,248.372
8.292426304,248.372
8.295328798,246.942
8.298231293,246.942
8.301133787,246.942
8.304036281,245.519
8.306938776,245.519
8.309841270,245.519
8.312743764,245.519
8.315646259,245.519
8.318548753,245.519
8.321451247,245.519
8.324353741,245.519
8.327256236,245.519
8.330158730,245.519
8.333061224,245.519
8.335963719,245.519
8.338866213,245.519
8.341768707,245.519
8.344671202,245.519
8.347573696,245.519
8.350476190,246.942
8.353378685,246.942
8.356281179,246.942
8.359183673,246.942
8.362086168,246.942
8.364988662,246.942
8.367891156,246.942
8.370793651,246.942
8.373696145,246.942
8.376598639,246.942
8.379501134,246.942
8.382403628,248.372
8.385306122,246.942
8.388208617,246.942
8.391111111,246.942
8.394013605,246.942
8.396916100,246.942
8.399818594,246.942
8.402721088,246.942
8.405623583,246.942
8.408526077,246.942
8.411428571,245.519
8.414331066,245.519
8.417233560,244.105
8.420136054,244.105
8.423038549,244.105
8.425941043,242.699
8.428843537,242.699
8.431746032,241.301
8.434648526,241.301
8.437551020,239.912
8.440453515,239.912
8.443356009,239.912
8.446258503,239.912
8.449160998,239.912
8.452063492,241.301
8.454965986,242.699
8.457868481,242.699
8.460770975,244.105
8.463673469,244.105
8.466575964,242.699
8.469478458,242.699
8.472380952,241.301
8.475283447,238.53
8.478185941,238.53
8.481088435,235.79
8.483990930,235.79
8.486893424,235.79
8.489795918,234.432
8.492698413,234.432
8.495600907,234.432
8.498503401,234.432
8.501405896,233.082
8.504308390,233.082
8.507210884,233.082
8.510113379,233.082
8.513015873,233.082
8.515918367,233.082
8.518820862,233.082
8.521723356,231.739
8.524625850,231.739
8.527528345,231.739
8.530430839,231.739
8.533333333,231.739
8.536235828,231.739
8.539138322,231.739
8.542040816,231.739
8.544943311,231.739
8.547845805,231.739
8.550748299,231.739
8.553650794,231.739
8.556553288,231.739
8.559455782,231.739
8.562358277,231.739
8.565260771,231.739
8.568163265,231.739
8.571065760,231.739
8.573968254,231.739
8.576870748,231.739
8.579773243,230.405
8.582675737,230.405
8.585578231,230.405
8.588480726,229.078
8.591383220,227.758
8.594285714,227.758
8.597188209,226.446
8.600090703,225.142
8.602993197,222.556
8.605895692,218.733
8.608798186,214.975
8.611700680,213.737
8.614603175,210.065
8.617505669,207.652
8.620408163,206.456
8.623310658,205.267
8.626213152,204.085
8.629115646,202.91
8.632018141,200.579
8.634920635,200.579
8.637823129,199.424
8.640725624,199.424
8.643628118,198.275
8.646530612,197.133
8.649433107,197.133
8.652335601,197.133
8.655238095,197.133
8.658140590,197.133
8.661043084,198.275
8.663945578,199.424
8.666848073,200.579
8.669750567,201.741
8.672653061,202.91
8.675555556,205.267
8.678458050,205.267
8.681360544,206.456
8.684263039,207.652
8.687165533,208.855
8.690068027,210.065
8.692970522,211.282
8.695873016,213.737
8.698775510,214.975
8.701678005,220
8.704580499,222.556
8.707482993,225.142
8.710385488,229.078
8.713287982,231.739
8.716190476,235.79
8.719092971,238.53
8.721995465,239.912
8.724897959,241.301
8.727800454,242.699
8.730702948,244.105
8.733605442,244.105
8.736507937,244.105
8.739410431,245.519
8.742312925,245.519
8.745215420,245.519
8.748117914,246.942
8.751020408,246.942
8.753922902,246.942
8.756825397,248.372
8.759727891,248.372
8.762630385,249.811
8.765532880,249.811
8.768435374,249.811
8.771337868,251.258
8.774240363,251.258
8.777142857,251.258
8.780045351,251.258
8.782947846,252.714
8.785850340,252.714
8.788752834,252.714
8.791655329,252.714
8.794557823,252.714
8.797460317,252.714
8.800362812,252.714
8.803265306,252.714
8.806167800,254.178
8.809070295,254.178
8.811972789,254.178
8.814875283,254.178
8.817777778,254.178
8.820680272,254.178
8.823582766,254.178
8.826485261,255.65
8.829387755,255.65
8.832290249,255.65
8.835192744,257.131
8.838095238,257.131
8.840997732,258.621
8.843900227,258.621
8.846802721,258.621
8.849705215,258.621
8.852607710,258.621
8.855510204,258.621
8.858412698,260.119
8.861315193,260.119
8.864217687,260.119
8.867120181,260.119
8.870022676,260.119
8.872925170,260.119
8.875827664,260.119
8.878730159,260.119
8.881632653,260.119
8.884535147,260.119
8.887437642,260.119
8.890340136,260.119
8.893242630,260.119
8.896145125,260.119
8.899047619,260.119
8.901950113,261.626
8.904852608,261.626
8.907755102,261.626
8.910657596,261.626
8.913560091,263.141
8.916462585,263.141
8.919365079,263.141
8.922267574,264.665
8.925170068,266.199
8.928072562,266.199
8.930975057,266.199
8.933877551,267.741
8.936780045,267.741
8.939682540,269.292
8.942585034,269.292
8.945487528,270.852
8.948390023,270.852
8.951292517,272.421
8.954195011,272.421
8.957097506,272.421
8.960000000,272.421
8.962902494,273.999
8.965804989,273.999
8.968707483,273.999
8.971609977,273.999
8.974512472,273.999
8.977414966,273.999
8.980317460,273.999
8.983219955,273.999
8.986122449,273.999
8.989024943,273.999
8.991927438,273.999
8.994829932,273.999
8.997732426,273.999
9.000634921,273.999
9.003537415,273.999
9.006439909,273.999
9.009342404,273.999
9.012244898,273.999
9.015147392,273.999
9.018049887,273.999
9.020952381,273.999
9.023854875,273.999
9.026757370,273.999
9.029659864,273.999
9.032562358,273.999
9.035464853,273.999
9.038367347,273.999
9.041269841,273.999
9.044172336,273.999
9.047074830,272.421
9.049977324,272.421
9.052879819,272.421
9.055782313,272.421
9.058684807,272.421
9.061587302,272.421
9.064489796,270.852
9.067392290,270.852
9.070294785,270.852
9.073197279,270.852
9.076099773,270.852
9.079002268,269.292
9.081904762,269.292
9.084807256,269.292
9.087709751,269.292
9.090612245,269.292
9.093514739,270.852
9.096417234,270.852
9.099319728,270.852
9.102222222,270.852
9.105124717,270.852
9.108027211,270.852
9.110929705,270.852
9.113832200,270.852
9.116734694,270.852
9.119637188,270.852
9.122539683,270.852
9.125442177,272.421
9.128344671,272.421
9.131247166,272.421
9.134149660,272.421
9.137052154,272.421
9.139954649,272.421
9.142857143,273.999
9.145759637,273.999
9.148662132,273.999
9.151564626,273.999
9.154467120,273.999
9.157369615,273.999
9.160272109,273.999
9.163174603,275.586
9.166077098,275.586
9.168979592,275.586
9.171882086,275.586
9.174784580,275.586
9.177687075,275.586
9.180589569,275.586
9.183492063,275.586
9.186394558,275.586
9.189297052,277.183
9.192199546,277.183
9.195102041,277.183
9.198004535,277.183
9.200907029,277.183
9.203809524,277.183
9.206712018,277.183
9.209614512,277.183
9.212517007,277.183
9.215419501,277.183
9.218321995,277.183
9.221224490,277.183
9.224126984,275.586
9.227029478,275.586
9.229931973,275.586
9.232834467,275.586
9.235736961,273.999
9.238639456,273.999
9.241541950,273.999
9.244444444,273.999
9.247346939,272.421
9.250249433,272.421
9.253151927,272.421
9.256054422,272.421
9.258956916,270.852
9.261859410,270.852
9.264761905,270.852
9.267664399,270.852
9.270566893,270.852
9.273469388,270.852
9.276371882,269.292
9.279274376,269.292
9.282176871,269.292
9.285079365,269.292
9.287981859,269.292
9.290884354,269.292
9.293786848,269.292
9.296689342,269.292
9.299591837,269.292
9.302494331,269.292
9.305396825,269.292
9.308299320,269.292
9.311201814,269.292
9.314104308,269.292
9.317006803,269.292
9.319909297,269.292
9.322811791,269.292
9.325714286,269.292
9.328616780,269.292
9.331519274,269.292
9.334421769,269.292
9.337324263,270.852
9.340226757,270.852
9.343129252,270.852
9.346031746,270.852
9.348934240,270.852
9.351836735,270.852
9.354739229,270.852
9.357641723,270.852
9.360544218,270.852
9.363446712,270.852
9.366349206,270.852
9.369251701,270.852
9.372154195,270.852
9.375056689,270.852
9.377959184,270.852
9.380861678,270.852
9.383764172,270.852
9.386666667,270.852
9.389569161,270.852
9.392471655,270.852
9.395374150,270.852
9.398276644,270.852
9.401179138,270.852
9.404081633,272.421
9.406984127,272.421
9.409886621,272.421
9.412789116,270.852
9.415691610,272.421
9.418594104,272.421
9.421496599,272.421
9.424399093,272.421
9.427301587,272.421
9.430204082,272.421
9.433106576,272.421
9.436009070,272.421
9.438911565,272.421
9.441814059,272.421
9.444716553,272.421
9.447619048,272.421
9.450521542,272.421
9.453424036,272.421
9.456326531,272.421
9.459229025,272.421
9.462131519,272.421
9.465034014,272.421
9.467936508,272.421
9.470839002,272.421
9.473741497,273.999
9.476643991,273.999
9.479546485,273.999
9.482448980,273.999
9.485351474,275.586
9.488253968,273.999
9.491156463,273.999
9.494058957,273.999
9.496961451,272.421
9.499863946,269.292
9.502766440,267.741
9.505668934,267.741
9.508571429,264.665
9.511473923,261.626
9.514376417,260.119
9.517278912,255.65
9.520181406,249.811
9.523083900,244.105
9.525986395,241.301
9.528888889,239.912
9.531791383,238.53
9.534693878,237.156
9.537596372,237.156
9.540498866,235.79
9.543401361,235.79
9.546303855,231.739
9.549206349,230.405
9.552108844,229.078
9.555011338,225.142
9.557913832,223.846
9.560816327,221.274
9.563718821,218.733
9.566621315,217.473
9.569523810,216.221
9.572426304,214.975
9.575328798,213.737
9.578231293,212.506
9.581133787,211.282
9.584036281,210.065
9.586938776,208.855
9.589841270,210.065
9.592743764,210.065
9.595646259,210.065
9.598548753,210.065
9.601451247,211.282
9.604353741,213.737
9.607256236,217.473
9.610158730,221.274
9.613061224,269.292
9.615963719,267.741
9.618866213,266.199
9.621768707,266.199
9.624671202,261.626
9.627573696,261.626
9.630476190,261.626
9.633378685,261.626
9.636281179,258.621
9.639183673,258.621
9.642086168,258.621
9.644988662,258.621
9.647891156,257.131
9.650793651,257.131
9.653696145,255.65
9.656598639,255.65
9.659501134,255.65
9.662403628,255.65
9.665306122,254.178
9.668208617,254.178
9.671111111,254.178
9.674013605,254.178
9.676916100,254.178
9.679818594,254.178
9.682721088,255.65
9.685623583,255.65
9.688526077,255.65
9.691428571,255.65
9.694331066,255.65
9.697233560,255.65
9.700136054,255.65
9.703038549,255.65
9.705941043,255.65
9.708843537,255.65
9.711746032,255.65
9.714648526,254.178
9.717551020,254.178
9.720453515,254.178
9.723356009,254.178
9.726258503,254.178
9.729160998,254.178
9.732063492,254.178
9.734965986,254.178
9.737868481,254.178
9.740770975,254.178
9.743673469,254.178
9.746575964,254.178
9.749478458,255.65
9.752380952,255.65
9.755283447,255.65
9.758185941,255.65
9.761088435,255.65
9.763990930,255.65
9.766893424,255.65
9.769795918,257.131
9.772698413,257.131
9.775600907,258.621
9.778503401,258.621
9.781405896,260.119
9.784308390,260.119
9.787210884,261.626
9.790113379,261.626
9.793015873,264.665
9.795918367,264.665
9.798820862,266.199
9.801723356,266.199
9.804625850,266.199
9.807528345,267.741
9.810430839,269.292
9.813333333,270.852
9.816235828,270.852
9.819138322,272.421
9.822040816,273.999
9.824943311,275.586
9.827845805,275.586
9.830748299,277.183
9.833650794,277.183
9.836553288,277.183
9.839455782,277.183
9.842358277,278.788
9.845260771,278.788
9.848163265,278.788
9.851065760,278.788
9.853968254,278.788
9.856870748,278.788
9.859773243,278.788
9.862675737,280.403
9.865578231,280.403
9.868480726,280.403
9.871383220,280.403
9.874285714,282.028
9.877188209,282.028
9.880090703,282.028
9.882993197,282.028
9.885895692,282.028
9.888798186,282.028
9.891700680,280.403
9.894603175,280.403
9.897505669,278.788
9.900408163,278.788
9.903310658,278.788
9.906213152,277.183
9.909115646,277.183
9.912018141,275.586
9.914920635,275.586
9.917823129,275.586
9.920725624,275.586
9.923628118,275.586
9.926530612,275.586
9.929433107,273.999
9.932335601,273.999
9.935238095,273.999
9.938140590,273.999
9.941043084,273.999
9.943945578,273.999
9.946848073,273.999
9.949750567,273.999
9.952653061,273.999
9.955555556,273.999
9.958458050,273.999
9.961360544,273.999
9.964263039,275.586
9.967165533,275.586
9.970068027,275.586
9.972970522,275.586
9.975873016,275.586
9.978775510,275.586
9.981678005,275.586
9.984580499,277.183
9.987482993,277.183
9.990385488,277.183
9.993287982,277.183
9.996190476,277.183
9.999092971,277.183
10.001995465,277.183
10.004897959,278.788
10.007800454,278.788
10.010702948,278.788
10.013605442,278.788
10.016507937,278.788
10.019410431,278.788
10.022312925,278.788
10.025215420,278.788
10.028117914,278.788
10.031020408,278.788
10.033922902,278.788
10.036825397,278.788
10.039727891,278.788
10.042630385,278.788
10.045532880,278.788
10.048435374,277.183
10.051337868,277.183
10.054240363,277.183
10.057142857,277.183
10.060045351,277.183
10.062947846,277.183
10.065850340,277.183
10.068752834,277.183
10.071655329,275.586
10.074557823,275.586
10.077460317,275.586
10.080362812,275.586
10.083265306,275.586
10.086167800,275.586
10.089070295,273.999
10.091972789,273.999
10.094875283,273.999
10.097777778,273.999
10.100680272,272.421
10.103582766,272.421
10.106485261,272.421
10.109387755,270.852
10.112290249,270.852
10.115192744,269.292
10.118095238,269.292
10.120997732,267.741
10.123900227,267.741
10.126802721,266.199
10.129705215,266.199
10.132607710,264.665
10.135510204,264.665
10.138412698,263.141
10.141315193,263.141
10.144217687,267.741
10.147120181,272.421
10.150022676,273.999
10.152925170,275.586
10.155827664,277.183
10.158730159,277.183
10.161632653,277.183
10.164535147,272.421
10.167437642,270.852
10.170340136,270.852
10.173242630,270.852
10.176145125,270.852
10.179047619,272.421
10.181950113,272.421
10.184852608,272.421
10.187755102,272.421
10.190657596,270.852
10.193560091,269.292
10.196462585,269.292
10.199365079,267.741
10.202267574,264.665
10.205170068,263.141
10.208072562,257.131
10.210975057,248.372
10.213877551,242.699
10.216780045,242.699
10.219682540,244.105
10.222585034,244.105
10.225487528,245.519
10.228390023,246.942
10.231292517,251.258
10.234195011,252.714
10.237097506,257.131
10.240000000,258.621
10.242902494,261.626
10.245804989,263.141
10.248707483,263.141
10.251609977,264.665
10.254512472,266.199
10.257414966,267.741
10.260317460,267.741
10.263219955,267.741
10.266122449,269.292
10.269024943,269.292
10.271927438,269.292
10.274829932,270.852
10.277732426,270.852
10.280634921,272.421
10.283537415,272.421
10.286439909,272.421
10.289342404,272.421
10.292244898,273.999
10.295147392,273.999
10.298049887,273.999
10.300952381,273.999
10.303854875,275.586
10.306757370,275.586
10.309659864,275.586
10.312562358,275.586
10.315464853,275.586
10.318367347,275.586
10.321269841,275.586
10.324172336,273.999
10.327074830,273.999
10.329977324,273.999
10.332879819,273.999
10.335782313,273.999
10.338684807,273.999
10.341587302,273.999
10.344489796,273.999
10.347392290,272.421
10.350294785,272.421
10.353197279,272.421
10.356099773,272.421
10.359002268,272.421
10.361904762,270.852
10.364807256,270.852
10.367709751,270.852
10.370612245,270.852
10.373514739,269.292
10.376417234,269.292
10.379319728,269.292
10.382222222,269.292
10.385124717,267.741
10.388027211,267.741
10.390929705,267.741
10.393832200,267.741
10.396734694,267.741
10.399637188,267.741
10.402539683,266.199
10.405442177,267.741
10.408344671,267.741
10.411247166,267.741
10.414149660,267.741
10.417052154,267.741
10.419954649,267.741
10.422857143,267.741
10.425759637,267.741
10.428662132,267.741
10.431564626,267.741
10.434467120,269.292
10.437369615,269.292
10.440272109,269.292
10.443174603,270.852
10.446077098,270.852
10.448979592,270.852
10.451882086,272.421
10.454784580,272.421
10.457687075,272.421
10.460589569,273.999
10.463492063,273.999
10.466394558,273.999
10.469297052,273.999
10.472199546,273.999
10.475102041,273.999
10.478004535,272.421
10.480907029,272.421
10.483809524,270.852
10.486712018,270.852
10.489614512,269.292
10.492517007,269.292
10.495419501,269.292
10.498321995,267.741
10.501224490,267.741
10.504126984,266.199
10.507029478,266.199
10.509931973,266.199
10.512834467,264.665
10.515736961,263.141
10.518639456,263.141
10.521541950,261.626
10.524444444,260.119
10.527346939,258.621
10.530249433,257.131
10.533151927,255.65
10.536054422,252.714
10.538956916,251.258
10.541859410,248.372
10.544761905,246.942
10.547664399,245.519
10.550566893,244.105
10.553469388,242.699
10.556371882,241.301
10.559274376,238.53
10.562176871,237.156
10.565079365,233.082
10.567981859,233.082
10.570884354,230.405
10.573786848,229.078
10.576689342,229.078
10.579591837,227.758
10.582494331,226.446
10.585396825,226.446
10.588299320,226.446
10.591201814,225.142
10.594104308,225.142
10.597006803,223.846
10.599909297,221.274
10.602811791,220
10.605714286,218.733
10.608616780,217.473
10.611519274,216.221
10.614421769,216.221
10.617324263,-221.274
10.620226757,-227.758
10.623129252,-229.078
10.626031746,-229.078
10.628934240,-229.078
10.631836735,-227.758
10.634739229,-227.758
10.637641723,-226.446
10.640544218,-226.446
10.643446712,-226.446
10.646349206,-226.446
10.649251701,-226.446
10.652154195,-220
10.655056689,-220
10.657959184,-220
10.660861678,-220
10.663764172,-220
10.666666667,-220
10.669569161,-220
10.672471655,-220
10.675374150,-220
10.678276644,-220
10.681179138,-220
10.684081633,-220
10.686984127,-220
10.689886621,-220
10.692789116,-220
10.695691610,-220
10.698594104,-220
10.701496599,-220
10.704399093,-220
10.707301587,-220
10.710204082,-220
10.713106576,-220
10.716009070,-220
10.718911565,-220
10.721814059,-220
10.724716553,-220
10.727619048,-220
10.730521542,-220
10.733424036,-220
10.736326531,-220
10.739229025,-220
10.742131519,-220
10.745034014,-220
10.747936508,-220
10.750839002,-220
10.753741497,-220
10.756643991,-220
10.759546485,-220
10.762448980,-220
10.765351474,-220
10.768253968,-220
10.771156463,-220
10.774058957,-220
10.776961451,-220
10.779863946,-220
10.782766440,-220
10.785668934,-220
10.788571429,-220
10.791473923,-220
10.794376417,-220
10.797278912,-220
10.800181406,-220
10.803083900,-220
10.805986395,-220
10.808888889,-220
10.811791383,-220
10.814693878,-220
10.817596372,-220
10.820498866,-220
10.823401361,-220
10.826303855,-220
10.829206349,-220
10.832108844,-220
10.835011338,-220
10.837913832,-220
10.840816327,-220
10.843718821,-220
10.846621315,-220
10.849523810,-220
10.852426304,-220
10.855328798,-220
10.858231293,-220
10.861133787,-220
10.864036281,-220
10.866938776,-220
10.869841270,-220
10.872743764,-220
10.875646259,-220
10.878548753,-220
10.881451247,-220
10.884353741,-220
10.887256236,-220
10.890158730,-220
10.893061224,-220
10.895963719,-220
10.898866213,-220
10.901768707,-220
10.904671202,-220
10.907573696,-220
10.910476190,-220
10.913378685,-220
10.916281179,-220
10.919183673,-220
10.922086168,-220
10.924988662,-220
10.927891156,-220
10.930793651,-220
10.933696145,-220
10.936598639,-220
10.939501134,-220
10.942403628,-220
10.945306122,-220
10.948208617,-220
10.951111111,-220
10.954013605,-220
10.956916100,-220
10.959818594,-220
10.962721088,-220
10.965623583,-220
10.968526077,-220
10.971428571,-220
10.974331066,-220
10.977233560,-220
10.980136054,-220
10.983038549,-220
10.985941043,-220
10.988843537,-220
10.991746032,-220
10.994648526,-220
10.997551020,-220
11.000453515,-220
11.003356009,-220
11.006258503,-220
11.009160998,-220
11.012063492,-220
11.014965986,-220
11.017868481,-220
11.020770975,-220
11.023673469,-220
11.026575964,-220
11.029478458,-220
11.032380952,-220
11.035283447,-220
11.038185941,-220
11.041088435,-220
11.043990930,-220
11.046893424,-220
11.049795918,-220
11.052698413,-220
11.055600907,-220
11.058503401,-220
11.061405896,-220
11.064308390,-220
11.067210884,-220
11.070113379,-220
11.073015873,-220
11.075918367,-220
11.078820862,-220
11.081723356,-220
11.084625850,-220
11.087528345,-220
11.090430839,-220
11.093333333,-220
11.096235828,-220
11.099138322,-220
11.102040816,-220
11.104943311,-220
11.107845805,-220
11.110748299,-220
11.113650794,-220
11.116553288,-220
11.119455782,-220
11.122358277,-220
11.125260771,-220
11.128163265,-220
11.131065760,-220
11.133968254,-220
11.136870748,-220
11.139773243,-220
11.142675737,-220
11.145578231,-220
11.148480726,-220
11.151383220,-220
11.154285714,-220
11.157188209,-220
11.160090703,-220
11.162993197,-220
11.165895692,-220
11.168798186,-220
11.171700680,-220
11.174603175,-220
11.177505669,-220
11.180408163,-220
11.183310658,-220
11.186213152,-220
11.189115646,-220
11.192018141,-220
11.194920635,-220
11.197823129,-220
11.200725624,-220
11.203628118,-220
11.206530612,-220
11.209433107,-220
11.212335601,-220
11.215238095,-220
11.218140590,-220
11.221043084,-220
11.223945578,-220
11.226848073,-220
11.229750567,-220
11.232653061,-220
11.235555556,-220
11.238458050,-220
11.241360544,-220
11.244263039,-220
11.247165533,-220
11.250068027,-220
11.252970522,-220
11.255873016,-220
11.258775510,-220
11.261678005,-220
11.264580499,-220
11.267482993,-220
11.270385488,-220
11.273287982,-220
11.276190476,-220
11.279092971,-220
11.281995465,-220
11.284897959,-220
11.287800454,-220
11.290702948,-220
11.293605442,-220
11.296507937,-220
11.299410431,-220
11.302312925,-220
11.305215420,-220
11.308117914,-220
11.311020408,-220
11.313922902,-220
11.316825397,-220
11.319727891,-220
11.322630385,-220
11.325532880,-220
11.328435374,-220
11.331337868,-220
11.334240363,-220
11.337142857,-220
11.340045351,-220
11.342947846,-220
11.345850340,-220
11.348752834,-220
11.351655329,-220
11.354557823,-220
11.357460317,-220
11.360362812,-220
11.363265306,-220
11.366167800,-220
11.369070295,-220
11.371972789,-220
11.374875283,-220
11.377777778,-220
11.380680272,-220
11.383582766,-220
11.386485261,-220
11.389387755,-220
11.392290249,-220
11.395192744,-220
11.398095238,-220
11.400997732,-220
11.403900227,-220
11.406802721,-220
11.409705215,-220
11.412607710,-220
11.415510204,-220
11.418412698,210.065
11.421315193,211.282
11.424217687,213.737
11.427120181,214.975
11.430022676,214.975
11.432925170,213.737
11.435827664,213.737
11.438730159,213.737
11.441632653,213.737
11.444535147,214.975
11.447437642,214.975
11.450340136,217.473
11.453242630,221.274
11.456145125,221.274
11.459047619,225.142
11.461950113,226.446
11.464852608,227.758
11.467755102,229.078
11.470657596,230.405
11.473560091,231.739
11.476462585,233.082
11.479365079,234.432
11.482267574,234.432
11.485170068,237.156
11.488072562,239.912
11.490975057,241.301
11.493877551,242.699
11.496780045,245.519
11.499682540,246.942
11.502585034,248.372
11.505487528,249.811
11.508390023,249.811
11.511292517,251.258
11.514195011,251.258
11.517097506,251.258
11.520000000,251.258
11.522902494,251.258
11.525804989,251.258
11.528707483,249.811
11.531609977,249.811
11.534512472,249.811
11.537414966,249.811
11.540317460,248.372
11.543219955,248.372
11.546122449,246.942
11.549024943,246.942
11.551927438,245.519
11.554829932,242.699
11.557732426,242.699
11.560634921,242.699
11.563537415,248.372
11.566439909,-372.138
11.569342404,-369.994
11.572244898,-372.138
11.575147392,-367.863
11.578049887,-369.994
11.580952381,-369.994
11.583854875,-365.745
11.586757370,-365.745
11.589659864,-363.638
11.592562358,-363.638
11.595464853,-363.638
11.598367347,-363.638
11.601269841,-365.745
11.604172336,-361.544
11.607074830,-365.745
11.609977324,-361.544
11.612879819,-365.745
11.615782313,-365.745
11.618684807,-363.638
11.621587302,-359.461
11.624489796,-359.461
11.627392290,-361.544
11.630294785,-361.544
11.633197279,-365.745
11.636099773,-363.638
11.639002268,-378.643
11.641904762,-378.643
11.644807256,-376.462
11.647709751,-376.462
11.650612245,-378.643
11.653514739,-376.462
11.656417234,-367.863
11.659319728,-374.294
11.662222222,-374.294
11.665124717,280.403
11.668027211,285.305
11.670929705,285.305
11.673832200,286.957
11.676734694,286.957
11.679637188,288.62
11.682539683,288.62
11.685442177,288.62
11.688344671,290.292
11.691247166,290.292
11.694149660,290.292
11.697052154,290.292
11.699954649,290.292
11.702857143,290.292
11.705759637,290.292
11.708662132,290.292
11.711564626,290.292
11.714467120,290.292
11.717369615,288.62
11.720272109,288.62
11.723174603,286.957
11.726077098,286.957
11.728979592,285.305
11.731882086,285.305
11.734784580,283.661
11.737687075,283.661
11.740589569,282.028
11.743492063,282.028
11.746394558,282.028
11.749297052,280.403
11.752199546,280.403
11.755102041,278.788
11.758004535,278.788
11.760907029,278.788
11.763809524,277.183
11.766712018,277.183
11.769614512,277.183
11.772517007,277.183
11.775419501,277.183
11.778321995,277.183
11.781224490,277.183
11.784126984,275.586
11.787029478,273.999
11.789931973,273.999
11.792834467,273.999
11.795736961,278.788
11.798639456,260.119
11.801541950,255.65
11.804444444,254.178
11.807346939,249.811
11.810249433,244.105
11.813151927,238.53
11.816054422,235.79
11.818956916,233.082
11.821859410,231.739
11.824761905,229.078
11.827664399,226.446
11.830566893,225.142
11.833469388,223.846
11.836371882,225.142
11.839274376,226.446
11.842176871,226.446
11.845079365,226.446
11.847981859,227.758
11.850884354,227.758
11.853786848,227.758
11.856689342,229.078
11.859591837,230.405
11.862494331,230.405
11.865396825,234.432
11.868299320,238.53
11.871201814,246.942
11.874104308,251.258
11.877006803,251.258
11.879909297,251.258
11.882811791,252.714
11.885714286,254.178
11.888616780,254.178
11.891519274,255.65
11.894421769,255.65
11.897324263,255.65
11.900226757,257.131
11.903129252,257.131
11.906031746,257.131
11.908934240,257.131
11.911836735,255.65
11.914739229,255.65
11.917641723,255.65
11.920544218,255.65
11.923446712,255.65
11.926349206,255.65
11.929251701,255.65
11.932154195,257.131
11.935056689,257.131
11.937959184,257.131
11.940861678,257.131
11.943764172,257.131
11.946666667,257.131
11.949569161,255.65
11.952471655,255.65
11.955374150,254.178
11.958276644,254.178
11.961179138,254.178
11.964081633,255.65
11.966984127,257.131
11.969886621,257.131
11.972789116,257.131
11.975691610,258.621
11.978594104,258.621
11.981496599,258.621
11.984399093,258.621
11.987301587,257.131
11.990204082,257.131
11.993106576,257.131
11.996009070,258.621
11.998911565,258.621
12.001814059,258.621
12.004716553,258.621
12.007619048,258.621
12.010521542,260.119
12.013424036,260.119
12.016326531,258.621
12.019229025,258.621
12.022131519,258.621
12.025034014,260.119
12.027936508,260.119
12.030839002,258.621
12.033741497,258.621
12.036643991,258.621
12.039546485,257.131
12.042448980,255.65
12.045351474,255.65
12.048253968,254.178
12.051156463,254.178
12.054058957,252.714
12.056961451,252.714
12.059863946,252.714
12.062766440,254.178
12.065668934,254.178
12.068571429,254.178
12.071473923,261.626
12.074376417,258.621
12.077278912,260.119
12.080181406,258.621
12.083083900,260.119
12.085986395,258.621
12.088888889,261.626
12.091791383,263.141
12.094693878,266.199
12.097596372,266.199
12.100498866,270.852
12.103401361,270.852
12.106303855,267.741
12.109206349,267.741
12.112108844,264.665
12.115011338,264.665
12.117913832,264.665
12.120816327,264.665
12.123718821,264.665
12.126621315,264.665
12.129523810,267.741
12.132426304,267.741
12.135328798,269.292
12.138231293,272.421
12.141133787,273.999
12.144036281,275.586
12.146938776,277.183
12.149841270,278.788
12.152743764,280.403
12.155646259,280.403
12.158548753,280.403
12.161451247,280.403
12.164353741,282.028
12.167256236,282.028
12.170158730,282.028
12.173061224,282.028
12.175963719,280.403
12.178866213,280.403
12.181768707,280.403
12.184671202,280.403
12.187573696,278.788
12.190476190,278.788
12.193378685,277.183
12.196281179,277.183
12.199183673,277.183
12.202086168,277.183
12.204988662,277.183
12.207891156,275.586
12.210793651,275.586
12.213696145,275.586
12.216598639,275.586
12.219501134,275.586
12.222403628,275.586
12.225306122,275.586
12.228208617,275.586
12.231111111,275.586
12.234013605,275.586
12.236916100,275.586
12.239818594,275.586
12.242721088,273.999
12.245623583,273.999
12.248526077,272.421
12.251428571,270.852
12.254331066,267.741
12.257233560,264.665
12.260136054,264.665
12.263038549,263.141
12.265941043,263.141
12.268843537,264.665
12.271746032,269.292
12.274648526,269.292
12.277551020,272.421
12.280453515,275.586
12.283356009,275.586
12.286258503,277.183
12.289160998,277.183
12.292063492,277.183
12.294965986,275.586
12.297868481,275.586
12.300770975,273.999
12.303673469,272.421
12.306575964,272.421
12.309478458,272.421
12.312380952,272.421
12.315283447,272.421
12.318185941,272.421
12.321088435,270.852
12.323990930,270.852
12.326893424,270.852
12.329795918,270.852
12.332698413,270.852
12.335600907,269.292
12.338503401,267.741
12.341405896,273.999
12.344308390,285.305
12.347210884,288.62
12.350113379,290.292
12.353015873,298.798
12.355918367,304.021
12.358820862,309.335
12.361723356,314.742
12.364625850,316.565
12.367528345,316.565
12.370430839,318.399
12.373333333,318.399
12.376235828,318.399
12.379138322,318.399
12.382040816,318.399
12.384943311,316.565
12.387845805,316.565
12.390748299,314.742
12.393650794,312.929
12.396553288,311.127
12.399455782,309.335
12.402358277,307.553
12.405260771,307.553
12.408163265,304.021
12.411065760,302.27
12.413968254,300.529
12.416870748,300.529
12.419773243,298.798
12.422675737,298.798
12.425578231,298.798
12.428480726,298.798
12.431383220,298.798
12.434285714,298.798
12.437188209,300.529
12.440090703,300.529
12.442993197,300.529
12.445895692,302.27
12.448798186,302.27
12.451700680,302.27
12.454603175,304.021
12.457505669,304.021
12.460408163,304.021
12.463310658,305.782
12.466213152,305.782
12.469115646,307.553
12.472018141,307.553
12.474920635,309.335
12.477823129,309.335
12.480725624,311.127
12.483628118,311.127
12.486530612,311.127
12.489433107,312.929
12.492335601,312.929
12.495238095,312.929
12.498140590,314.742
12.501043084,314.742
12.503945578,316.565
12.506848073,316.565
12.509750567,316.565
12.512653061,318.399
12.515555556,318.399
12.518458050,320.244
12.521360544,320.244
12.524263039,320.244
12.527165533,322.099
12.530068027,322.099
12.532970522,323.965
12.535873016,323.965
12.538775510,323.965
12.541678005,323.965
12.544580499,325.841
12.547482993,325.841
12.550385488,327.729
12.553287982,327.729
12.556190476,327.729
12.559092971,329.628
12.561995465,329.628
12.564897959,329.628
12.567800454,329.628
12.570702948,329.628
12.573605442,329.628
12.576507937,329.628
12.579410431,329.628
12.582312925,329.628
12.585215420,329.628
12.588117914,329.628
12.591020408,329.628
12.593922902,329.628
12.596825397,329.628
12.599727891,331.537
12.602630385,331.537
12.605532880,331.537
12.608435374,329.628
12.611337868,329.628
12.614240363,329.628
12.617142857,329.628
12.620045351,327.729
12.622947846,327.729
12.625850340,327.729
12.628752834,325.841
12.631655329,325.841
12.634557823,325.841
12.637460317,325.841
12.640362812,323.965
12.643265306,323.965
12.646167800,323.965
12.649070295,322.099
12.651972789,322.099
12.654875283,322.099
12.657777778,322.099
12.660680272,322.099
12.663582766,322.099
12.666485261,322.099
12.669387755,320.244
12.672290249,320.244
12.675192744,320.244
12.678095238,320.244
12.680997732,320.244
12.683900227,320.244
12.686802721,320.244
12.689705215,320.244
12.692607710,320.244
12.695510204,320.244
12.698412698,320.244
12.701315193,320.244
12.704217687,320.244
12.707120181,320.244
12.710022676,318.399
12.712925170,318.399
12.715827664,318.399
12.718730159,318.399
12.721632653,318.399
12.724535147,318.399
12.727437642,318.399
12.730340136,318.399
12.733242630,318.399
12.736145125,320.244
12.739047619,320.244
12.741950113,320.244
12.744852608,320.244
12.747755102,320.244
12.750657596,320.244
12.753560091,320.244
12.756462585,320.244
12.759365079,320.244
12.762267574,320.244
12.765170068,320.244
12.768072562,320.244
12.770975057,320.244
12.773877551,320.244
12.776780045,320.244
12.779682540,320.244
12.782585034,320.244
12.785487528,320.244
12.788390023,320.244
12.791292517,320.244
12.794195011,320.244
12.797097506,320.244
12.800000000,320.244
12.802902494,320.244
12.805804989,320.244
12.808707483,320.244
12.811609977,320.244
12.814512472,320.244
12.817414966,320.244
12.820317460,320.244
12.823219955,320.244
12.826122449,320.244
12.829024943,320.244
12.831927438,320.244
12.834829932,320.244
12.837732426,320.244
12.840634921,320.244
12.843537415,320.244
12.846439909,320.244
12.849342404,320.244
12.852244898,320.244
12.855147392,320.244
12.858049887,318.399
12.860952381,318.399
12.863854875,318.399
12.866757370,316.565
12.869659864,316.565
12.872562358,316.565
12.875464853,314.742
12.878367347,314.742
12.881269841,312.929
12.884172336,312.929
12.887074830,311.127
12.889977324,309.335
12.892879819,305.782
12.895782313,302.27
12.898684807,300.529
12.901587302,298.798
12.904489796,297.077
12.907392290,293.665
12.910294785,293.665
12.913197279,291.973
12.916099773,290.292
12.919002268,290.292
12.921904762,286.957
12.924807256,283.661
12.927709751,282.028
12.930612245,280.403
12.933514739,278.788
12.936417234,275.586
12.939319728,273.999
12.942222222,270.852
12.945124717,270.852
12.948027211,267.741
12.950929705,266.199
12.953832200,266.199
12.956734694,264.665
12.959637188,263.141
12.962539683,263.141
12.965442177,263.141
12.968344671,263.141
12.971247166,263.141
12.974149660,261.626
12.977052154,261.626
12.979954649,263.141
12.982857143,263.141
12.985759637,261.626
12.988662132,261.626
12.991564626,261.626
12.994467120,261.626
12.997369615,263.141
13.000272109,263.141
13.003174603,264.665
13.006077098,264.665
13.008979592,266.199
13.011882086,266.199
13.014784580,266.199
13.017687075,267.741
13.020589569,267.741
13.023492063,267.741
13.026394558,269.292
13.029297052,269.292
13.032199546,270.852
13.035102041,270.852
13.038004535,272.421
13.040907029,272.421
13.043809524,272.421
13.046712018,272.421
13.049614512,272.421
13.052517007,272.421
13.055419501,272.421
13.058321995,272.421
13.061224490,272.421
13.064126984,272.421
13.067029478,272.421
13.069931973,272.421
13.072834467,272.421
13.075736961,273.999
13.078639456,273.999
13.081541950,273.999
13.084444444,273.999
13.087346939,273.999
13.090249433,273.999
13.093151927,273.999
13.096054422,273.999
13.098956916,272.421
13.101859410,272.421
13.104761905,270.852
13.107664399,270.852
13.110566893,270.852
13.113469388,269.292
13.116371882,269.292
13.119274376,269.292
13.122176871,269.292
13.125079365,269.292
13.127981859,267.741
13.130884354,269.292
13.133786848,269.292
13.136689342,269.292
13.139591837,269.292
13.142494331,269.292
13.145396825,269.292
13.148299320,269.292
13.151201814,269.292
13.154104308,269.292
13.157006803,269.292
13.159909297,269.292
13.162811791,269.292
13.165714286,269.292
13.168616780,269.292
13.171519274,269.292
13.174421769,269.292
13.177324263,269.292
13.180226757,269.292
13.183129252,269.292
13.186031746,269.292
13.188934240,269.292
13.191836735,269.292
13.194739229,269.292
13.197641723,267.741
13.200544218,267.741
13.203446712,267.741
13.206349206,267.741
13.209251701,267.741
13.212154195,267.741
13.215056689,267.741
13.217959184,267.741
13.220861678,267.741
13.223764172,267.741
13.226666667,267.741
13.229569161,267.741
13.232471655,267.741
13.235374150,267.741
13.238276644,267.741
13.241179138,269.292
13.244081633,267.741
13.246984127,269.292
13.249886621,267.741
13.252789116,269.292
13.255691610,269.292
13.258594104,269.292
13.261496599,269.292
13.264399093,269.292
13.267301587,269.292
13.270204082,269.292
13.273106576,269.292
13.276009070,269.292
13.278911565,269.292
13.281814059,267.741
13.284716553,267.741
13.287619048,267.741
13.290521542,267.741
13.293424036,269.292
13.296326531,270.852
13.299229025,270.852
13.302131519,270.852
13.305034014,272.421
13.307936508,273.999
13.310839002,272.421
13.313741497,272.421
13.316643991,272.421
13.319546485,270.852
13.322448980,270.852
13.325351474,269.292
13.328253968,269.292
13.331156463,269.292
13.334058957,269.292
13.336961451,270.852
13.339863946,270.852
13.342766440,270.852
13.345668934,272.421
13.348571429,273.999
13.351473923,272.421
13.354376417,272.421
13.357278912,270.852
13.360181406,267.741
13.363083900,264.665
13.365986395,263.141
13.368888889,260.119
13.371791383,258.621
13.374693878,257.131
13.377596372,255.65
13.380498866,254.178
13.383401361,252.714
13.386303855,251.258
13.389206349,249.811
13.392108844,249.811
13.395011338,248.372
13.397913832,246.942
13.400816327,245.519
13.403718821,245.519
13.406621315,245.519
13.409523810,244.105
13.412426304,244.105
13.415328798,244.105
13.418231293,242.699
13.421133787,242.699
13.424036281,242.699
13.426938776,242.699
13.429841270,242.699
13.432743764,242.699
13.435646259,241.301
13.438548753,241.301
13.441451247,241.301
13.444353741,242.699
13.447256236,242.699
13.450158730,242.699
13.453061224,242.699
13.455963719,244.105
13.458866213,244.105
13.461768707,244.105
13.464671202,244.105
13.467573696,244.105
13.470476190,244.105
13.473378685,244.105
13.476281179,244.105
13.479183673,242.699
13.482086168,242.699
13.484988662,242.699
13.487891156,242.699
13.490793651,242.699
13.493696145,241.301
13.496598639,241.301
13.499501134,241.301
13.502403628,241.301
13.505306122,241.301
13.508208617,241.301
13.511111111,241.301
13.514013605,241.301
13.516916100,241.301
13.519818594,242.699
13.522721088,242.699
13.525623583,242.699
13.528526077,242.699
13.531428571,244.105
13.534331066,244.105
13.537233560,245.519
13.540136054,246.942
13.543038549,246.942
13.545941043,248.372
13.548843537,249.811
13.551746032,251.258
13.554648526,252.714
13.557551020,254.178
13.560453515,255.65
13.563356009,257.131
13.566258503,257.131
13.569160998,257.131
13.572063492,258.621
13.574965986,258.621
13.577868481,260.119
13.580770975,261.626
13.583673469,263.141
13.586575964,264.665
13.589478458,266.199
13.592380952,267.741
13.595283447,267.741
13.598185941,269.292
13.601088435,270.852
13.603990930,270.852
13.606893424,272.421
13.609795918,273.999
13.612698413,273.999
13.615600907,275.586
13.618503401,275.586
13.621405896,275.586
13.624308390,275.586
13.627210884,275.586
13.630113379,275.586
13.633015873,277.183
13.635918367,275.586
13.638820862,275.586
13.641723356,275.586
13.644625850,275.586
13.647528345,273.999
13.650430839,273.999
13.653333333,273.999
13.656235828,273.999
13.659138322,273.999
13.662040816,272.421
13.664943311,272.421
13.667845805,272.421
13.670748299,272.421
13.673650794,272.421
13.676553288,272.421
13.679455782,270.852
13.682358277,272.421
13.685260771,270.852
13.688163265,270.852
13.691065760,269.292
13.693968254,269.292
13.696870748,269.292
13.699773243,269.292
13.702675737,269.292
13.705578231,269.292
13.708480726,269.292
13.711383220,269.292
13.714285714,269.292
13.717188209,269.292
13.720090703,269.292
13.722993197,269.292
13.725895692,269.292
13.728798186,269.292
13.731700680,269.292
13.734603175,269.292
13.737505669,269.292
13.740408163,269.292
13.743310658,269.292
13.746213152,270.852
13.749115646,270.852
13.752018141,270.852
13.754920635,270.852
13.757823129,272.421
13.760725624,272.421
13.763628118,272.421
13.766530612,273.999
13.769433107,273.999
13.772335601,273.999
13.775238095,273.999
13.778140590,273.999
13.781043084,275.586
13.783945578,275.586
13.786848073,275.586
13.789750567,277.183
13.792653061,277.183
13.795555556,278.788
13.798458050,278.788
13.801360544,278.788
13.804263039,278.788
13.807165533,278.788
13.810068027,278.788
13.812970522,278.788
13.815873016,278.788
13.818775510,278.788
13.821678005,278.788
13.824580499,278.788
13.827482993,278.788
13.830385488,278.788
13.833287982,278.788
13.836190476,277.183
13.839092971,277.183
13.841995465,277.183
13.844897959,275.586
13.847800454,273.999
13.850702948,273.999
13.853605442,272.421
13.856507937,270.852
13.859410431,269.292
13.862312925,267.741
13.865215420,266.199
13.868117914,264.665
13.871020408,263.141
13.873922902,261.626
13.876825397,260.119
13.879727891,258.621
13.882630385,257.131
13.885532880,254.178
13.888435374,254.178
13.891337868,251.258
13.894240363,248.372
13.897142857,246.942
13.900045351,244.105
13.902947846,244.105
13.905850340,242.699
13.908752834,241.301
13.911655329,239.912
13.914557823,239.912
13.917460317,238.53
13.920362812,237.156
13.923265306,237.156
13.926167800,237.156
13.929070295,237.156
13.931972789,237.156
13.934875283,237.156
13.937777778,237.156
13.940680272,242.699
13.943582766,244.105
13.946485261,244.105
13.949387755,-266.199
13.952290249,-266.199
13.955192744,-267.741
13.958095238,-269.292
13.960997732,-270.852
13.963900227,-269.292
13.966802721,-267.741
13.969705215,-264.665
13.972607710,-263.141
13.975510204,-260.119
13.978412698,-258.621
13.981315193,-258.621
13.984217687,-258.621
13.987120181,-258.621
13.990022676,-258.621
13.992925170,-258.621
13.995827664,-257.131
13.998730159,-255.65
14.001632653,-252.714
14.004535147,-249.811
14.007437642,-248.372
14.010340136,-248.372
14.013242630,-249.811
14.016145125,-249.811
14.019047619,-252.714
14.021950113,-258.621
14.024852608,-260.119
14.027755102,-263.141
14.030657596,-263.141
14.033560091,-263.141
14.036462585,-263.141
14.039365079,-261.626
14.042267574,-261.626
14.045170068,-261.626
14.048072562,-261.626
14.050975057,-261.626
14.053877551,-260.119
14.056780045,-261.626
14.059682540,-261.626
14.062585034,-260.119
14.065487528,-260.119
14.068390023,-260.119
14.071292517,-258.621
14.074195011,-258.621
14.077097506,-260.119
14.080000000,-260.119
14.082902494,-261.626
14.085804989,-264.665
14.088707483,-264.665
14.091609977,-264.665
14.094512472,-263.141
14.097414966,-261.626
14.100317460,-260.119
14.103219955,-258.621
14.106122449,-257.131
14.109024943,-254.178
14.111927438,-252.714
14.114829932,-252.714
14.117732426,-252.714
14.120634921,-252.714
14.123537415,-252.714
14.126439909,-252.714
14.129342404,-251.258
14.132244898,-251.258
14.135147392,-251.258
14.138049887,-252.714
14.140952381,-252.714
14.143854875,-254.178
14.146757370,-255.65
14.149659864,-220
14.152562358,-220
14.155464853,-220
14.158367347,-220
14.161269841,-220
14.164172336,-220
14.167074830,-220
14.169977324,-220
14.172879819,-220
14.175782313,-220
14.178684807,-220
14.181587302,-220
14.184489796,-220
14.187392290,-220
14.190294785,-220
14.193197279,-220
14.196099773,-220
14.199002268,-220
14.201904762,-220
14.204807256,-220
14.207709751,-220
14.210612245,-220
14.213514739,-220
14.216417234,-220
14.219319728,-220
14.222222222,-220
14.225124717,-220
14.228027211,-220
14.230929705,-220
14.233832200,-220
14.236734694,-220
14.239637188,-220
14.242539683,-220
14.245442177,-220
14.248344671,-220
14.251247166,-220
14.254149660,-220
14.257052154,-220
14.259954649,-220
14.262857143,-220
14.265759637,-220
14.268662132,-220
14.271564626,-220
14.274467120,-220
14.277369615,-220
14.280272109,-220
14.283174603,-220
14.286077098,-220
14.288979592,-220
14.291882086,-220
14.294784580,-220
14.297687075,-220
14.300589569,-220
14.303492063,-220
14.306394558,-220
14.309297052,-220
14.312199546,-220
14.315102041,-220
14.318004535,-220
14.320907029,-220
14.323809524,-220
14.326712018,-220
14.329614512,-220
14.332517007,-220
14.335419501,-220
14.338321995,-220
14.341224490,-220
14.344126984,-220
14.347029478,-220
14.349931973,-220
14.352834467,-220
14.355736961,-220
14.358639456,-220
14.361541950,-220
14.364444444,-220
14.367346939,-220
14.370249433,-220
14.373151927,-220
14.376054422,-220
14.378956916,-220
14.381859410,-220
14.384761905,-220
14.387664399,-220
14.390566893,-220
14.393469388,-220
14.396371882,-220
14.399274376,-220
14.402176871,-220
14.405079365,-220
14.407981859,-220
14.410884354,-220
14.413786848,-220
14.416689342,-220
14.419591837,-220
14.422494331,-220
14.425396825,-220
14.428299320,-220
14.431201814,-220
14.434104308,-220
14.437006803,-220
14.439909297,-220
14.442811791,-220
14.445714286,-220
14.448616780,-220
14.451519274,-220
14.454421769,-220
14.457324263,-220
14.460226757,-220
14.463129252,-220
14.466031746,-220
14.468934240,-220
14.471836735,-220
14.474739229,-220
14.477641723,-220
14.480544218,-220
14.483446712,-220
14.486349206,-220
14.489251701,-220
14.492154195,-220
14.495056689,-220
14.497959184,-220
14.500861678,-220
14.503764172,-220
14.506666667,-220
14.509569161,-220
14.512471655,-220
14.515374150,-220
14.518276644,-220
14.521179138,-220
14.524081633,-220
14.526984127,-220
14.529886621,-220
14.532789116,-220
14.535691610,-220
14.538594104,-220
14.541496599,-220
14.544399093,-220
14.547301587,-220
14.550204082,-220
14.553106576,-220
14.556009070,-220
14.558911565,-220
14.561814059,-220
14.564716553,-220
14.567619048,-220
14.570521542,-220
14.573424036,-220
14.576326531,-220
14.579229025,-220
14.582131519,-220
14.585034014,-220
14.587936508,-220
14.590839002,-220
14.593741497,-220
14.596643991,-220
14.599546485,-220
14.602448980,-220
14.605351474,-220
14.608253968,-220
14.611156463,-220
14.614058957,-220
14.616961451,-220
14.619863946,-220
14.622766440,-220
14.625668934,-220
14.628571429,-220
14.631473923,-220
14.634376417,-220
14.637278912,-220
14.640181406,-220
14.643083900,-220
14.645986395,-220
14.648888889,-220
14.651791383,-220
14.654693878,-220
14.657596372,197.133
14.660498866,206.456
14.663401361,213.737
14.666303855,222.556
14.669206349,225.142
14.672108844,227.758
14.675011338,229.078
14.677913832,230.405
14.680816327,231.739
14.683718821,233.082
14.686621315,234.432
14.689523810,235.79
14.692426304,238.53
14.695328798,239.912
14.698231293,241.301
14.701133787,244.105
14.704036281,245.519
14.706938776,246.942
14.709841270,248.372
14.712743764,249.811
14.715646259,251.258
14.718548753,251.258
14.721451247,252.714
14.724353741,252.714
14.727256236,252.714
14.730158730,254.178
14.733061224,254.178
14.735963719,254.178
14.738866213,255.65
14.741768707,255.65
14.744671202,257.131
14.747573696,257.131
14.750476190,258.621
14.753378685,260.119
14.756281179,260.119
14.759183673,260.119
14.762086168,260.119
14.764988662,261.626
14.767891156,260.119
14.770793651,258.621
14.773696145,258.621
14.776598639,255.65
14.779501134,252.714
14.782403628,249.811
14.785306122,244.105
14.788208617,239.912
14.791111111,235.79
14.794013605,231.739
14.796916100,227.758
14.799818594,226.446
14.802721088,225.142
14.805623583,223.846
14.808526077,226.446
14.811428571,227.758
14.814331066,230.405
14.817233560,229.078
14.820136054,230.405
14.823038549,260.119
14.825941043,263.141
14.828843537,266.199
14.831746032,266.199
14.834648526,264.665
14.837551020,266.199
14.840453515,260.119
14.843356009,260.119
14.846258503,263.141
14.849160998,263.141
14.852063492,267.741
14.854965986,273.999
14.857868481,278.788
14.860770975,282.028
14.863673469,283.661
14.866575964,286.957
14.869478458,288.62
14.872380952,288.62
14.875283447,290.292
14.878185941,290.292
14.881088435,291.973
14.883990930,291.973
14.886893424,291.973
14.889795918,293.665
14.892698413,293.665
14.895600907,293.665
14.898503401,291.973
14.901405896,291.973
14.904308390,290.292
14.907210884,290.292
14.910113379,290.292
14.913015873,290.292
14.915918367,288.62
14.918820862,288.62
14.921723356,288.62
14.924625850,286.957
14.927528345,286.957
14.930430839,286.957
14.933333333,286.957
14.936235828,285.305
14.939138322,285.305
14.942040816,283.661
14.944943311,283.661
14.947845805,283.661
14.950748299,282.028
14.953650794,282.028
14.956553288,280.403
14.959455782,280.403
14.962358277,278.788
14.965260771,278.788
14.968163265,278.788
14.971065760,277.183
14.973968254,277.183
14.976870748,277.183
14.979773243,275.586
14.982675737,275.586
14.985578231,275.586
14.988480726,273.999
14.991383220,275.586
14.994285714,273.999
14.997188209,273.999
15.000090703,273.999
15.002993197,273.999
15.005895692,273.999
15.008798186,272.421
15.011700680,272.421
15.014603175,272.421
15.017505669,272.421
15.020408163,272.421
15.023310658,272.421
15.026213152,272.421
15.029115646,272.421
15.032018141,272.421
15.034920635,272.421
15.037823129,272.421
15.040725624,272.421
15.043628118,272.421
15.046530612,272.421
15.049433107,272.421
15.052335601,272.421
15.055238095,272.421
15.058140590,272.421
15.061043084,272.421
15.063945578,272.421
15.066848073,273.999
15.069750567,273.999
15.072653061,273.999
15.075555556,273.999
15.078458050,275.586
15.081360544,275.586
15.084263039,275.586
15.087165533,275.586
15.090068027,275.586
15.092970522,275.586
15.095873016,277.183
15.098775510,277.183
15.101678005,277.183
15.104580499,277.183
15.107482993,277.183
15.110385488,277.183
15.113287982,277.183
15.116190476,277.183
15.119092971,277.183
15.121995465,277.183
15.124897959,277.183
15.127800454,277.183
15.130702948,277.183
15.133605442,277.183
15.136507937,277.183
15.139410431,277.183
15.142312925,277.183
15.145215420,277.183
15.148117914,277.183
15.151020408,275.586
15.153922902,275.586
15.156825397,275.586
15.159727891,275.586
15.162630385,275.586
15.165532880,275.586
15.168435374,275.586
15.171337868,273.999
15.174240363,273.999
15.177142857,273.999
15.180045351,272.421
15.182947846,272.421
15.185850340,272.421
15.188752834,270.852
15.191655329,270.852
15.194557823,270.852
15.197460317,270.852
15.200362812,270.852
15.203265306,270.852
15.206167800,269.292
15.209070295,269.292
15.211972789,267.741
15.214875283,267.741
15.217777778,267.741
15.220680272,266.199
15.223582766,264.665
15.226485261,263.141
15.229387755,260.119
15.232290249,258.621
15.235192744,258.621
15.238095238,266.199
15.240997732,269.292
15.243900227,272.421
15.246802721,275.586
15.249705215,277.183
15.252607710,277.183
15.255510204,278.788
15.258412698,275.586
15.261315193,273.999
15.264217687,272.421
15.267120181,272.421
15.270022676,272.421
15.272925170,270.852
15.275827664,270.852
15.278730159,270.852
15.281632653,270.852
15.284535147,272.421
15.287437642,270.852
15.290340136,267.741
15.293242630,266.199
15.296145125,263.141
15.299047619,258.621
15.301950113,254.178
15.304852608,249.811
15.307755102,249.811
15.310657596,251.258
15.313560091,252.714
15.316462585,254.178
15.319365079,255.65
15.322267574,257.131
15.325170068,258.621
15.328072562,260.119
15.330975057,263.141
15.333877551,264.665
15.336780045,266.199
15.339682540,267.741
15.342585034,269.292
15.345487528,272.421
15.348390023,273.999
15.351292517,275.586
15.354195011,277.183
15.357097506,278.788
15.360000000,278.788
15.362902494,280.403
15.365804989,280.403
15.368707483,280.403
15.371609977,282.028
15.374512472,283.661
15.377414966,285.305
15.380317460,286.957
15.383219955,288.62
15.386122449,290.292
15.389024943,293.665
15.391927438,293.665
15.394829932,295.366
15.397732426,295.366
15.400634921,295.366
15.403537415,295.366
15.406439909,295.366
15.409342404,293.665
15.412244898,293.665
15.415147392,295.366
15.418049887,295.366
15.420952381,295.366
15.423854875,297.077
15.426757370,297.077
15.429659864,298.798
15.432562358,300.529
15.435464853,300.529
15.438367347,302.27
15.441269841,302.27
15.444172336,304.021
15.447074830,304.021
15.449977324,305.782
15.452879819,305.782
15.455782313,305.782
15.458684807,307.553
15.461587302,307.553
15.464489796,307.553
15.467392290,307.553
15.470294785,307.553
15.473197279,307.553
15.476099773,307.553
15.479002268,307.553
15.481904762,307.553
15.484807256,305.782
15.487709751,304.021
15.490612245,302.27
15.493514739,298.798
15.496417234,300.529
15.499319728,298.798
15.502222222,298.798
15.505124717,300.529
15.508027211,300.529
15.510929705,300.529
15.513832200,304.021
15.516734694,304.021
15.519637188,304.021
15.522539683,304.021
15.525442177,304.021
15.528344671,304.021
15.531247166,302.27
15.534149660,302.27
15.537052154,300.529
15.539954649,300.529
15.542857143,298.798
15.545759637,297.077
15.548662132,297.077
15.551564626,297.077
15.554467120,297.077
15.557369615,295.366
15.560272109,295.366
15.563174603,293.665
15.566077098,293.665
15.568979592,291.973
15.571882086,291.973
15.574784580,290.292
15.577687075,288.62
15.580589569,286.957
15.583492063,286.957
15.586394558,285.305
15.589297052,285.305
15.592199546,283.661
15.595102041,283.661
15.598004535,283.661
15.600907029,283.661
15.603809524,283.661
15.606712018,283.661
15.609614512,283.661
15.612517007,285.305
15.615419501,285.305
15.618321995,285.305
15.621224490,285.305
15.624126984,285.305
15.627029478,286.957
15.629931973,286.957
15.632834467,285.305
15.635736961,285.305
15.638639456,285.305
15.641541950,285.305
15.644444444,285.305
15.647346939,285.305
15.650249433,285.305
15.653151927,285.305
15.656054422,285.305
15.658956916,285.305
15.661859410,285.305
15.664761905,285.305
15.667664399,285.305
15.670566893,283.661
15.673469388,283.661
15.676371882,282.028
15.679274376,282.028
15.682176871,280.403
15.685079365,278.788
15.687981859,275.586
15.690884354,273.999
15.693786848,270.852
15.696689342,269.292
15.699591837,266.199
15.702494331,264.665
15.705396825,263.141
15.708299320,261.626
15.711201814,260.119
15.714104308,261.626
15.717006803,263.141
15.719909297,266.199
15.722811791,267.741
15.725714286,270.852
15.728616780,275.586
15.731519274,277.183
15.734421769,278.788
15.737324263,278.788
15.740226757,280.403
15.743129252,278.788
15.746031746,278.788
15.748934240,275.586
15.751836735,277.183
15.754739229,273.999
15.757641723,275.586
15.760544218,278.788
15.763446712,285.305
15.766349206,290.292
15.769251701,290.292
15.772154195,290.292
15.775056689,290.292
15.777959184,286.957
15.780861678,278.788
15.783764172,275.586
15.786666667,273.999
15.789569161,273.999
15.792471655,273.999
15.795374150,275.586
15.798276644,275.586
15.801179138,275.586
15.804081633,277.183
15.806984127,278.788
15.809886621,278.788
15.812789116,280.403
15.815691610,280.403
15.818594104,282.028
15.821496599,282.028
15.824399093,282.028
15.827301587,282.028
15.830204082,283.661
15.833106576,283.661
15.836009070,283.661
15.838911565,282.028
15.841814059,282.028
15.844716553,282.028
15.847619048,282.028
15.850521542,282.028
15.853424036,282.028
15.856326531,282.028
15.859229025,280.403
15.862131519,280.403
15.865034014,278.788
15.867936508,278.788
15.870839002,277.183
15.873741497,277.183
15.876643991,277.183
15.879546485,275.586
15.882448980,275.586
15.885351474,275.586
15.888253968,273.999
15.891156463,273.999
15.894058957,272.421
15.896961451,272.421
15.899863946,272.421
15.902766440,270.852
15.905668934,269.292
15.908571429,269.292
15.911473923,267.741
15.914376417,267.741
15.917278912,267.741
15.920181406,266.199
15.923083900,264.665
15.925986395,264.665
15.928888889,263.141
15.931791383,261.626
15.934693878,260.119
15.937596372,258.621
15.940498866,257.131
15.943401361,254.178
15.946303855,251.258
15.949206349,248.372
15.952108844,246.942
15.955011338,245.519
15.957913832,244.105
15.960816327,244.105
15.963718821,242.699
15.966621315,244.105
15.969523810,241.301
15.972426304,239.912
15.975328798,237.156
15.978231293,234.432
15.981133787,231.739
15.984036281,231.739
15.986938776,231.739
15.989841270,233.082
15.992743764,234.432
15.995646259,238.53
15.998548753,239.912
16.001451247,238.53
16.004353741,238.53
16.007256236,238.53
16.010158730,238.53
16.013061224,238.53
16.015963719,239.912
16.018866213,241.301
16.021768707,242.699
16.024671202,245.519
16.027573696,246.942
16.030476190,248.372
16.033378685,251.258
16.036281179,251.258
16.039183673,252.714
16.042086168,252.714
16.044988662,254.178
16.047891156,254.178
16.050793651,254.178
16.053696145,254.178
16.056598639,255.65
16.059501134,255.65
16.062403628,255.65
16.065306122,255.65
16.068208617,255.65
16.071111111,255.65
16.074013605,255.65
16.076916100,255.65
16.079818594,255.65
16.082721088,255.65
16.085623583,255.65
16.088526077,255.65
16.091428571,255.65
16.094331066,254.178
16.097233560,254.178
16.100136054,254.178
16.103038549,252.714
16.105941043,252.714
16.108843537,251.258
16.111746032,249.811
16.114648526,249.811
16.117551020,248.372
16.120453515,248.372
16.123356009,246.942
16.126258503,245.519
16.129160998,244.105
16.132063492,244.105
16.134965986,242.699
16.137868481,241.301
16.140770975,239.912
16.143673469,238.53
16.146575964,238.53
16.149478458,237.156
16.152380952,237.156
16.155283447,237.156
16.158185941,235.79
16.161088435,237.156
16.163990930,237.156
16.166893424,237.156
16.169795918,237.156
16.172698413,235.79
16.175600907,235.79
16.178503401,235.79
16.181405896,235.79
16.184308390,235.79
16.187210884,237.156
16.190113379,237.156
16.193015873,238.53
16.195918367,238.53
16.198820862,239.912
16.201723356,241.301
16.204625850,241.301
16.207528345,242.699
16.210430839,244.105
16.213333333,244.105
16.216235828,245.519
16.219138322,245.519
16.222040816,245.519
16.224943311,246.942
16.227845805,248.372
16.230748299,248.372
16.233650794,249.811
16.236553288,249.811
16.239455782,249.811
16.242358277,251.258
16.245260771,251.258
16.248163265,251.258
16.251065760,252.714
16.253968254,252.714
16.256870748,252.714
16.259773243,252.714
16.262675737,254.178
16.265578231,254.178
16.268480726,254.178
16.271383220,254.178
16.274285714,254.178
16.277188209,255.65
16.280090703,255.65
16.282993197,255.65
16.285895692,255.65
16.288798186,255.65
16.291700680,254.178
16.294603175,254.178
16.297505669,254.178
16.300408163,252.714
16.303310658,251.258
16.306213152,251.258
16.309115646,249.811
16.312018141,248.372
16.314920635,246.942
16.317823129,245.519
16.320725624,244.105
16.323628118,245.519
16.326530612,245.519
16.329433107,245.519
16.332335601,244.105
16.335238095,244.105
16.338140590,248.372
16.341043084,251.258
16.343945578,249.811
16.346848073,252.714
16.349750567,252.714
16.352653061,254.178
16.355555556,254.178
16.358458050,257.131
16.361360544,254.178
16.364263039,252.714
16.367165533,251.258
16.370068027,251.258
16.372970522,251.258
16.375873016,251.258
16.378775510,252.714
16.381678005,252.714
16.384580499,251.258
16.387482993,254.178
16.390385488,254.178
16.393287982,252.714
16.396190476,258.621
16.399092971,258.621
16.401995465,260.119
16.404897959,261.626
16.407800454,266.199
16.410702948,266.199
16.413605442,267.741
16.416507937,269.292
16.419410431,270.852
16.422312925,272.421
16.425215420,272.421
16.428117914,272.421
16.431020408,272.421
16.433922902,273.999
16.436825397,273.999
16.439727891,273.999
16.442630385,273.999
16.445532880,267.741
16.448435374,275.586
16.451337868,266.199
16.454240363,275.586
16.457142857,272.421
16.460045351,260.119
16.462947846,264.665
16.465850340,267.741
16.468752834,269.292
16.471655329,272.421
16.474557823,272.421
16.477460317,273.999
16.480362812,275.586
16.483265306,275.586
16.486167800,278.788
16.489070295,280.403
16.491972789,282.028
16.494875283,283.661
16.497777778,285.305
16.500680272,286.957
16.503582766,286.957
16.506485261,290.292
16.509387755,291.973
16.512290249,293.665
16.515192744,293.665
16.518095238,295.366
16.520997732,295.366
16.523900227,297.077
16.526802721,295.366
16.529705215,295.366
16.532607710,295.366
16.535510204,295.366
16.538412698,293.665
16.541315193,293.665
16.544217687,283.661
16.547120181,278.788
16.550022676,275.586
16.552925170,272.421
16.555827664,270.852
16.558730159,266.199
16.561632653,264.665
16.564535147,264.665
16.567437642,264.665
16.570340136,264.665
16.573242630,264.665
16.576145125,266.199
16.579047619,267.741
16.581950113,270.852
16.584852608,272.421
16.587755102,273.999
16.590657596,273.999
16.593560091,275.586
16.596462585,275.586
16.599365079,275.586
16.602267574,275.586
16.605170068,275.586
16.608072562,273.999
16.610975057,272.421
16.613877551,270.852
16.616780045,270.852
16.619682540,270.852
16.622585034,270.852
16.625487528,270.852
16.628390023,270.852
16.631292517,273.999
16.634195011,275.586
16.637097506,277.183
16.640000000,278.788
16.642902494,290.292
16.645804989,293.665
16.648707483,293.665
16.651609977,295.366
16.654512472,295.366
16.657414966,300.529
16.660317460,302.27
16.663219955,307.553
16.666122449,322.099
16.669024943,318.399
16.671927438,316.565
16.674829932,314.742
16.677732426,314.742
16.680634921,314.742
16.683537415,312.929
16.686439909,312.929
16.689342404,312.929
16.692244898,311.127
16.695147392,311.127
16.698049887,311.127
16.700952381,309.335
16.703854875,309.335
16.706757370,309.335
16.709659864,307.553
16.712562358,307.553
16.715464853,307.553
16.718367347,305.782
16.721269841,305.782
16.724172336,305.782
16.727074830,305.782
16.729977324,305.782
16.732879819,305.782
16.735782313,305.782
16.738684807,305.782
16.741587302,305.782
16.744489796,305.782
16.747392290,305.782
16.750294785,305.782
16.753197279,305.782
16.756099773,305.782
16.759002268,304.021
16.761904762,304.021
16.764807256,304.021
16.767709751,304.021
16.770612245,304.021
16.773514739,302.27
16.776417234,302.27
16.779319728,302.27
16.782222222,302.27
16.785124717,302.27
16.788027211,302.27
16.790929705,302.27
16.793832200,302.27
16.796734694,302.27
16.799637188,302.27
16.802539683,302.27
16.805442177,302.27
16.808344671,302.27
16.811247166,302.27
16.814149660,302.27
16.817052154,302.27
16.819954649,300.529
16.822857143,302.27
16.825759637,300.529
16.828662132,300.529
16.831564626,300.529
16.834467120,298.798
16.837369615,298.798
16.840272109,300.529
16.843174603,300.529
16.846077098,300.529
16.848979592,300.529
16.851882086,300.529
16.854784580,300.529
16.857687075,302.27
16.860589569,302.27
16.863492063,302.27
16.866394558,302.27
16.869297052,304.021
16.872199546,304.021
16.875102041,305.782
16.878004535,305.782
16.880907029,307.553
16.883809524,307.553
16.886712018,309.335
16.889614512,311.127
16.892517007,311.127
16.895419501,312.929
16.898321995,312.929
16.901224490,312.929
16.904126984,312.929
16.907029478,312.929
16.909931973,312.929
16.912834467,312.929
16.915736961,312.929
16.918639456,312.929
16.921541950,312.929
16.924444444,311.127
16.927346939,311.127
16.930249433,311.127
16.933151927,311.127
16.936054422,311.127
16.938956916,311.127
16.941859410,311.127
16.944761905,311.127
16.947664399,311.127
16.950566893,309.335
16.953469388,314.742
16.956371882,314.742
16.959274376,314.742
16.962176871,314.742
16.965079365,316.565
16.967981859,316.565
16.970884354,312.929
16.973786848,311.127
16.976689342,311.127
16.979591837,307.553
16.982494331,307.553
16.985396825,309.335
16.988299320,309.335
16.991201814,314.742
16.994104308,314.742
16.997006803,312.929
16.999909297,311.127
17.002811791,311.127
17.005714286,311.127
17.008616780,311.127
17.011519274,312.929
17.014421769,312.929
17.017324263,312.929
17.020226757,312.929
17.023129252,312.929
17.026031746,312.929
17.028934240,312.929
17.031836735,311.127
17.034739229,312.929
17.037641723,311.127
17.040544218,309.335
17.043446712,309.335
17.046349206,309.335
17.049251701,307.553
17.052154195,305.782
17.055056689,307.553
17.057959184,307.553
17.060861678,309.335
17.063764172,311.127
17.066666667,312.929
17.069569161,311.127
17.072471655,314.742
17.075374150,314.742
17.078276644,320.244
17.081179138,285.305
17.084081633,288.62
17.086984127,290.292
17.089886621,291.973
17.092789116,295.366
17.095691610,298.798
17.098594104,302.27
17.101496599,304.021
17.104399093,307.553
17.107301587,309.335
17.110204082,311.127
17.113106576,314.742
17.116009070,314.742
17.118911565,318.399
17.121814059,318.399
17.124716553,320.244
17.127619048,322.099
17.130521542,325.841
17.133424036,327.729
17.136326531,331.537
17.139229025,333.458
17.142131519,335.389
17.145034014,337.332
17.147936508,339.286
17.150839002,341.252
17.153741497,343.229
17.156643991,345.217
17.159546485,345.217
17.162448980,345.217
17.165351474,347.217
17.168253968,347.217
17.171156463,349.228
17.174058957,347.217
17.176961451,347.217
17.179863946,347.217
17.182766440,347.217
17.185668934,349.228
17.188571429,349.228
17.191473923,349.228
17.194376417,347.217
17.197278912,349.228
17.200181406,349.228
17.203083900,349.228
17.205986395,347.217
17.208888889,347.217
17.211791383,347.217
17.214693878,347.217
17.217596372,345.217
17.220498866,345.217
17.223401361,345.217
17.226303855,345.217
17.229206349,345.217
17.232108844,345.217
17.235011338,347.217
17.237913832,347.217
17.240816327,347.217
17.243718821,345.217
17.246621315,347.217
17.249523810,345.217
17.252426304,345.217
17.255328798,345.217
17.258231293,345.217
17.261133787,345.217
17.264036281,345.217
17.266938776,345.217
17.269841270,345.217
17.272743764,345.217
17.275646259,345.217
17.278548753,343.229
17.281451247,343.229
17.284353741,341.252
17.287256236,339.286
17.290158730,337.332
17.293061224,335.389
17.295963719,333.458
17.298866213,329.628
17.301768707,325.841
17.304671202,320.244
17.307573696,318.399
17.310476190,312.929
17.313378685,309.335
17.316281179,305.782
17.319183673,300.529
17.322086168,295.366
17.324988662,291.973
17.327891156,288.62
17.330793651,285.305
17.333696145,283.661
17.336598639,282.028
17.339501134,282.028
17.342403628,282.028
17.345306122,282.028
17.348208617,283.661
17.351111111,283.661
17.354013605,285.305
17.356916100,288.62
17.359818594,290.292
17.362721088,297.077
17.365623583,304.021
17.368526077,314.742
17.371428571,318.399
17.374331066,322.099
17.377233560,322.099
17.380136054,323.965
17.383038549,325.841
17.385941043,325.841
17.388843537,327.729
17.391746032,327.729
17.394648526,325.841
17.397551020,325.841
17.400453515,325.841
17.403356009,325.841
17.406258503,325.841
17.409160998,323.965
17.412063492,323.965
17.414965986,323.965
17.417868481,323.965
17.420770975,323.965
17.423673469,322.099
17.426575964,322.099
17.429478458,322.099
17.432380952,322.099
17.435283447,322.099
17.438185941,322.099
17.441088435,322.099
17.443990930,322.099
17.446893424,320.244
17.449795918,320.244
17.452698413,320.244
17.455600907,320.244
17.458503401,320.244
17.461405896,318.399
17.464308390,318.399
17.467210884,318.399
17.470113379,318.399
17.473015873,318.399
17.475918367,318.399
17.478820862,318.399
17.481723356,318.399
17.484625850,320.244
17.487528345,320.244
17.490430839,320.244
17.493333333,322.099
17.496235828,320.244
17.499138322,320.244
17.502040816,320.244
17.504943311,320.244
17.507845805,322.099
17.510748299,323.965
17.513650794,325.841
17.516553288,323.965
17.519455782,325.841
17.522358277,323.965
17.525260771,323.965
17.528163265,323.965
17.531065760,323.965
17.533968254,322.099
17.536870748,322.099
17.539773243,320.244
17.542675737,320.244
17.545578231,323.965
17.548480726,325.841
17.551383220,327.729
17.554285714,325.841
17.557188209,325.841
17.560090703,322.099
17.562993197,286.957
17.565895692,290.292
17.568798186,295.366
17.571700680,297.077
17.574603175,300.529
17.577505669,300.529
17.580408163,300.529
17.583310658,300.529
17.586213152,300.529
17.589115646,300.529
17.592018141,300.529
17.594920635,300.529
17.597823129,298.798
17.600725624,298.798
17.603628118,298.798
17.606530612,297.077
17.609433107,297.077
17.612335601,297.077
17.615238095,297.077
17.618140590,297.077
17.621043084,297.077
17.623945578,297.077
17.626848073,297.077
17.629750567,295.366
17.632653061,295.366
17.635555556,293.665
17.638458050,291.973
17.641360544,290.292
17.644263039,288.62
17.647165533,286.957
17.650068027,282.028
17.652970522,275.586
17.655873016,269.292
17.658775510,264.665
17.661678005,260.119
17.664580499,255.65
17.667482993,254.178
17.670385488,251.258
17.673287982,248.372
17.676190476,245.519
17.679092971,242.699
17.681995465,239.912
17.684897959,238.53
17.687800454,235.79
17.690702948,234.432
17.693605442,231.739
17.696507937,230.405
17.699410431,227.758
17.702312925,226.446
17.705215420,226.446
17.708117914,225.142
17.711020408,225.142
17.713922902,223.846
17.716825397,222.556
17.719727891,221.274
17.722630385,221.274
17.725532880,222.556
17.728435374,222.556
17.731337868,222.556
17.734240363,222.556
17.737142857,223.846
17.740045351,227.758
17.742947846,229.078
17.745850340,230.405
17.748752834,227.758
17.751655329,-220
17.754557823,-220
17.757460317,-220
17.760362812,-220
17.763265306,278.788
17.766167800,275.586
17.769070295,275.586
17.771972789,278.788
17.774875283,280.403
17.777777778,280.403
17.780680272,282.028
17.783582766,283.661
17.786485261,285.305
17.789387755,286.957
17.792290249,288.62
17.795192744,290.292
17.798095238,290.292
17.800997732,291.973
17.803900227,293.665
17.806802721,293.665
17.809705215,293.665
17.812607710,293.665
17.815510204,293.665
17.818412698,293.665
17.821315193,293.665
17.824217687,291.973
17.827120181,291.973
17.830022676,291.973
17.832925170,290.292
17.835827664,290.292
17.838730159,288.62
17.841632653,288.62
17.844535147,286.957
17.847437642,286.957
17.850340136,286.957
17.853242630,285.305
17.856145125,285.305
17.859047619,283.661
17.861950113,283.661
17.864852608,282.028
17.867755102,282.028
17.870657596,282.028
17.873560091,280.403
17.876462585,278.788
17.879365079,278.788
17.882267574,277.183
17.885170068,277.183
17.888072562,277.183
17.890975057,275.586
17.893877551,275.586
17.896780045,273.999
17.899682540,273.999
17.902585034,272.421
17.905487528,272.421
17.908390023,270.852
17.911292517,270.852
17.914195011,270.852
17.917097506,270.852
17.920000000,270.852
17.922902494,270.852
17.925804989,270.852
17.928707483,270.852
17.931609977,270.852
17.934512472,272.421
17.937414966,272.421
17.940317460,273.999
17.943219955,273.999
17.946122449,273.999
17.949024943,275.586
17.951927438,277.183
17.954829932,277.183
17.957732426,278.788
17.960634921,278.788
17.963537415,280.403
17.966439909,282.028
17.969342404,283.661
17.972244898,285.305
17.975147392,288.62
17.978049887,290.292
17.980952381,293.665
17.983854875,293.665
17.986757370,295.366
17.989659864,295.366
17.992562358,293.665
17.995464853,291.973
17.998367347,290.292
18.001269841,288.62
18.004172336,286.957
18.007074830,286.957
18.009977324,285.305
18.012879819,285.305
18.015782313,283.661
18.018684807,282.028
18.021587302,282.028
18.024489796,280.403
18.027392290,278.788
18.030294785,278.788
18.033197279,275.586
18.036099773,273.999
18.039002268,272.421
18.041904762,270.852
18.044807256,269.292
18.047709751,267.741
18.050612245,266.199
18.053514739,266.199
18.056417234,264.665
18.059319728,264.665
18.062222222,264.665
18.065124717,263.141
18.068027211,263.141
18.070929705,263.141
18.073832200,263.141
18.076734694,261.626
18.079637188,261.626
18.082539683,261.626
18.085442177,261.626
18.088344671,261.626
18.091247166,260.119
18.094149660,260.119
18.097052154,258.621
18.099954649,258.621
18.102857143,260.119
18.105759637,260.119
18.108662132,260.119
18.111564626,260.119
18.114467120,260.119
18.117369615,261.626
18.120272109,261.626
18.123174603,261.626
18.126077098,263.141
18.128979592,263.141
18.131882086,264.665
18.134784580,266.199
18.137687075,266.199
18.140589569,266.199
18.143492063,267.741
18.146394558,269.292
18.149297052,269.292
18.152199546,270.852
18.155102041,270.852
18.158004535,272.421
18.160907029,272.421
18.163809524,273.999
18.166712018,273.999
18.169614512,273.999
18.172517007,273.999
18.175419501,273.999
18.178321995,273.999
18.181224490,273.999
18.184126984,273.999
18.187029478,273.999
18.189931973,273.999
18.192834467,273.999
18.195736961,272.421
18.198639456,272.421
18.201541950,272.421
18.204444444,270.852
18.207346939,270.852
18.210249433,270.852
18.213151927,269.292
18.216054422,267.741
18.218956916,267.741
18.221859410,266.199
18.224761905,266.199
18.227664399,263.141
18.230566893,263.141
18.233469388,261.626
18.236371882,261.626
18.239274376,258.621
18.242176871,257.131
18.245079365,255.65
18.247981859,252.714
18.250884354,251.258
18.253786848,249.811
18.256689342,248.372
18.259591837,246.942
18.262494331,246.942
18.265396825,245.519
18.268299320,245.519
18.271201814,245.519
18.274104308,245.519
18.277006803,245.519
18.279909297,244.105
18.282811791,244.105
18.285714286,244.105
18.288616780,242.699
18.291519274,242.699
18.294421769,242.699
18.297324263,242.699
18.300226757,242.699
18.303129252,242.699
18.306031746,244.105
18.308934240,244.105
18.311836735,245.519
18.314739229,245.519
18.317641723,244.105
18.320544218,244.105
18.323446712,245.519
18.326349206,245.519
18.329251701,245.519
18.332154195,245.519
18.335056689,245.519
18.337959184,245.519
18.340861678,245.519
18.343764172,244.105
18.346666667,244.105
18.349569161,244.105
18.352471655,242.699
18.355374150,242.699
18.358276644,242.699
18.361179138,242.699
18.364081633,244.105
18.366984127,245.519
18.369886621,245.519
18.372789116,248.372
18.375691610,249.811
18.378594104,249.811
18.381496599,251.258
18.384399093,251.258
18.387301587,251.258
18.390204082,251.258
18.393106576,251.258
18.396009070,251.258
18.398911565,251.258
18.401814059,251.258
18.404716553,251.258
18.407619048,251.258
18.410521542,251.258
18.413424036,252.714
18.416326531,252.714
18.419229025,252.714
18.422131519,254.178
18.425034014,254.178
18.427936508,255.65
18.430839002,255.65
18.433741497,257.131
18.436643991,257.131
18.439546485,257.131
18.442448980,258.621
18.445351474,258.621
18.448253968,258.621
18.451156463,258.621
18.454058957,258.621
18.456961451,257.131
18.459863946,255.65
18.462766440,254.178
18.465668934,254.178
18.468571429,254.178
18.471473923,254.178
18.474376417,254.178
18.477278912,254.178
18.480181406,254.178
18.483083900,254.178
18.485986395,254.178
18.488888889,254.178
18.491791383,254.178
18.494693878,254.178
18.497596372,254.178
18.500498866,254.178
18.503401361,254.178
18.506303855,254.178
18.509206349,254.178
18.512108844,254.178
18.515011338,254.178
18.517913832,254.178
18.520816327,254.178
18.523718821,254.178
18.526621315,254.178
18.529523810,252.714
18.532426304,252.714
18.535328798,252.714
18.538231293,252.714
18.541133787,251.258
18.544036281,252.714
18.546938776,252.714
18.549841270,251.258
18.552743764,251.258
18.555646259,251.258
18.558548753,252.714
18.561451247,252.714
18.564353741,252.714
18.567256236,252.714
18.570158730,254.178
18.573061224,255.65
18.575963719,257.131
18.578866213,258.621
18.581768707,258.621
18.584671202,258.621
18.587573696,258.621
18.590476190,257.131
18.593378685,257.131
18.596281179,255.65
18.599183673,255.65
18.602086168,254.178
18.604988662,254.178
18.607891156,251.258
18.610793651,249.811
18.613696145,245.519
18.616598639,238.53
18.619501134,229.078
18.622403628,225.142
18.625306122,222.556
18.628208617,220
18.631111111,218.733
18.634013605,217.473
18.636916100,217.473
18.639818594,216.221
18.642721088,217.473
18.645623583,218.733
18.648526077,218.733
18.651428571,221.274
18.654331066,223.846
18.657233560,229.078
18.660136054,229.078
18.663038549,230.405
18.665941043,231.739
18.668843537,233.082
18.671746032,233.082
18.674648526,233.082
18.677551020,233.082
18.680453515,233.082
18.683356009,233.082
18.686258503,234.432
18.689160998,234.432
18.692063492,234.432
18.694965986,234.432
18.697868481,234.432
18.700770975,233.082
18.703673469,233.082
18.706575964,233.082
18.709478458,233.082
18.712380952,233.082
18.715283447,233.082
18.718185941,233.082
18.721088435,233.082
18.723990930,233.082
18.726893424,233.082
18.729795918,233.082
18.732698413,234.432
18.735600907,234.432
18.738503401,234.432
18.741405896,234.432
18.744308390,234.432
18.747210884,234.432
18.750113379,233.082
18.753015873,231.739
18.755918367,229.078
18.758820862,227.758
18.761723356,226.446
18.764625850,227.758
18.767528345,229.078
18.770430839,229.078
18.773333333,230.405
18.776235828,231.739
18.779138322,233.082
18.782040816,234.432
18.784943311,235.79
18.787845805,235.79
18.790748299,235.79
18.793650794,234.432
18.796553288,235.79
18.799455782,235.79
18.802358277,235.79
18.805260771,235.79
18.808163265,233.082
18.811065760,230.405
18.813968254,229.078
18.816870748,226.446
18.819773243,223.846
18.822675737,221.274
18.825578231,218.733
18.828480726,217.473
18.831383220,214.975
18.834285714,214.975
18.837188209,216.221
18.840090703,216.221
18.842993197,-220
18.845895692,-220
18.848798186,-220
18.851700680,-220
18.854603175,-220
18.857505669,-220
18.860408163,-220
18.863310658,-220
18.866213152,-220
18.869115646,-220
18.872018141,-220
18.874920635,-220
18.877823129,-220
18.880725624,-220
18.883628118,-220
18.886530612,-220
18.889433107,-220
18.892335601,-220
18.895238095,-220
18.898140590,-220
18.901043084,-220
18.903945578,-220
18.906848073,233.082
18.909750567,233.082
18.912653061,231.739
18.915555556,231.739
18.918458050,230.405
18.921360544,230.405
18.924263039,231.739
18.927165533,231.739
18.930068027,233.082
18.932970522,233.082
18.935873016,233.082
18.938775510,234.432
18.941678005,235.79
18.944580499,237.156
18.947482993,239.912
18.950385488,241.301
18.953287982,242.699
18.956190476,244.105
18.959092971,245.519
18.961995465,246.942
18.964897959,248.372
18.967800454,249.811
18.970702948,251.258
18.973605442,251.258
18.976507937,252.714
18.979410431,254.178
18.982312925,255.65
18.985215420,257.131
18.988117914,257.131
18.991020408,258.621
18.993922902,258.621
18.996825397,260.119
18.999727891,261.626
19.002630385,261.626
19.005532880,263.141
19.008435374,263.141
19.011337868,263.141
19.014240363,264.665
19.017142857,264.665
19.020045351,264.665
19.022947846,264.665
19.025850340,264.665
19.028752834,264.665
19.031655329,264.665
19.034557823,264.665
19.037460317,264.665
19.040362812,264.665
19.043265306,264.665
19.046167800,264.665
19.049070295,264.665
19.051972789,264.665
19.054875283,264.665
19.057777778,264.665
19.060680272,264.665
19.063582766,264.665
19.066485261,264.665
19.069387755,266.199
19.072290249,266.199
19.075192744,266.199
19.078095238,266.199
19.080997732,267.741
19.083900227,267.741
19.086802721,267.741
19.089705215,269.292
19.092607710,269.292
19.095510204,269.292
19.098412698,269.292
19.101315193,270.852
19.104217687,270.852
19.107120181,270.852
19.110022676,270.852
19.112925170,270.852
19.115827664,270.852
19.118730159,270.852
19.121632653,270.852
19.124535147,272.421
19.127437642,272.421
19.130340136,272.421
19.133242630,272.421
19.136145125,272.421
19.139047619,273.999
19.141950113,273.999
19.144852608,273.999
19.147755102,273.999
19.150657596,273.999
19.153560091,275.586
19.156462585,275.586
19.159365079,275.586
19.162267574,275.586
19.165170068,275.586
19.168072562,275.586
19.170975057,275.586
19.173877551,275.586
19.176780045,275.586
19.179682540,275.586
19.182585034,273.999
19.185487528,273.999
19.188390023,273.999
19.191292517,272.421
19.194195011,272.421
19.197097506,270.852
19.200000000,269.292
19.202902494,267.741
19.205804989,266.199
19.208707483,264.665
19.211609977,263.141
19.214512472,263.141
19.217414966,263.141
19.220317460,263.141
19.223219955,263.141
19.226122449,-220
19.229024943,237.156
19.231927438,233.082
19.234829932,227.758
19.237732426,223.846
19.240634921,220
19.243537415,216.221
19.246439909,213.737
19.249342404,211.282
19.252244898,206.456
19.255147392,204.085
19.258049887,200.579
19.260952381,194.869
19.263854875,190.418
19.266757370,188.231
19.269659864,184.997
19.272562358,183.932
19.275464853,181.819
19.278367347,179.731
19.281269841,178.696
19.284172336,177.666
19.287074830,177.666
19.289977324,176.643
19.292879819,176.643
19.295782313,176.643
19.298684807,175.626
19.301587302,174.614
19.304489796,174.614
19.307392290,173.608
19.310294785,173.608
19.313197279,173.608
19.316099773,172.609
19.319002268,172.609
19.321904762,172.609
19.324807256,172.609
19.327709751,172.609
19.330612245,172.609
19.333514739,172.609
19.336417234,172.609
19.339319728,172.609
19.342222222,172.609
19.345124717,173.608
19.348027211,173.608
19.350929705,173.608
19.353832200,173.608
19.356734694,173.608
19.359637188,173.608
19.362539683,173.608
19.365442177,173.608
19.368344671,173.608
19.371247166,173.608
19.374149660,173.608
19.377052154,173.608
19.379954649,173.608
19.382857143,173.608
19.385759637,173.608
19.388662132,173.608
19.391564626,173.608
19.394467120,173.608
19.397369615,173.608
19.400272109,173.608
19.403174603,173.608
19.406077098,173.608
19.408979592,173.608
19.411882086,173.608
19.414784580,173.608
19.417687075,173.608
19.420589569,174.614
19.423492063,174.614
19.426394558,174.614
19.429297052,174.614
19.432199546,174.614
19.435102041,174.614
19.438004535,174.614
19.440907029,175.626
19.443809524,175.626
19.446712018,175.626
19.449614512,175.626
19.452517007,175.626
19.455419501,175.626
19.458321995,175.626
19.461224490,175.626
19.464126984,175.626
19.467029478,175.626
19.469931973,175.626
19.472834467,175.626
19.475736961,175.626
19.478639456,175.626
19.481541950,175.626
19.484444444,175.626
19.487346939,175.626
19.490249433,175.626
19.493151927,175.626
19.496054422,175.626
19.498956916,175.626
19.501859410,176.643
19.504761905,176.643
19.507664399,176.643
19.510566893,176.643
19.513469388,176.643
19.516371882,176.643
19.519274376,177.666
19.522176871,177.666
19.525079365,177.666
19.527981859,177.666
19.530884354,177.666
19.533786848,177.666
19.536689342,177.666
19.539591837,178.696
19.542494331,178.696
19.545396825,178.696
19.548299320,178.696
19.551201814,178.696
19.554104308,178.696
19.557006803,178.696
19.559909297,178.696
19.562811791,178.696
19.565714286,179.731
19.568616780,178.696
19.571519274,178.696
19.574421769,178.696
19.577324263,178.696
19.580226757,178.696
19.583129252,179.731
19.586031746,179.731
19.588934240,179.731
19.591836735,179.731
19.594739229,179.731
19.597641723,179.731
19.600544218,180.772
19.603446712,180.772
19.606349206,180.772
19.609251701,180.772
19.612154195,180.772
19.615056689,180.772
19.617959184,181.819
19.620861678,181.819
19.623764172,181.819
19.626666667,181.819
19.629569161,182.872
19.632471655,182.872
19.635374150,182.872
19.638276644,182.872
19.641179138,182.872
19.644081633,182.872
19.646984127,182.872
19.649886621,182.872
19.652789116,182.872
19.655691610,182.872
19.658594104,182.872
19.661496599,183.932
19.664399093,183.932
19.667301587,183.932
19.670204082,183.932
19.673106576,183.932
19.676009070,183.932
19.678911565,183.932
19.681814059,183.932
19.684716553,183.932
19.687619048,183.932
19.690521542,183.932
19.693424036,183.932
19.696326531,183.932
19.699229025,183.932
19.702131519,183.932
19.705034014,182.872
19.707936508,183.932
19.710839002,183.932
19.713741497,183.932
19.716643991,182.872
19.719546485,182.872
19.722448980,182.872
19.725351474,183.932
19.728253968,183.932
19.731156463,183.932
19.734058957,183.932
19.736961451,183.932
19.739863946,183.932
19.742766440,183.932
19.745668934,183.932
19.748571429,183.932
19.751473923,183.932
19.754376417,183.932
19.757278912,183.932
19.760181406,183.932
19.763083900,182.872
19.765986395,182.872
19.768888889,182.872
19.771791383,182.872
19.774693878,181.819
19.777596372,181.819
19.780498866,181.819
19.783401361,181.819
19.786303855,181.819
19.789206349,180.772
19.792108844,180.772
19.795011338,180.772
19.797913832,180.772
19.800816327,180.772
19.803718821,180.772
19.806621315,180.772
19.809523810,180.772
19.812426304,180.772
19.815328798,180.772
19.818231293,180.772
19.821133787,180.772
19.824036281,180.772
19.826938776,180.772
19.829841270,180.772
19.832743764,180.772
19.835646259,180.772
19.838548753,180.772
19.841451247,180.772
19.844353741,180.772
19.847256236,181.819
19.850158730,181.819
19.853061224,181.819
19.855963719,182.872
19.858866213,182.872
19.861768707,182.872
19.864671202,182.872
19.867573696,182.872
19.870476190,183.932
19.873378685,183.932
19.876281179,183.932
19.879183673,184.997
19.882086168,184.997
19.884988662,186.069
19.887891156,187.147
19.890793651,187.147
19.893696145,188.231
19.896598639,189.321
19.899501134,190.418
19.902403628,191.521
19.905306122,192.631
19.908208617,193.746
19.911111111,194.869
19.914013605,195.998
19.916916100,197.133
19.919818594,198.275
19.922721088,199.424
19.925623583,200.579
19.928526077,201.741
19.931428571,202.91
19.934331066,204.085
19.937233560,205.267
19.940136054,206.456
19.943038549,207.652
19.945941043,207.652
19.948843537,208.855
19.951746032,210.065
19.954648526,210.065
19.957551020,211.282
19.960453515,211.282
19.963356009,211.282
19.966258503,211.282
19.969160998,211.282
19.972063492,212.506
19.974965986,212.506
19.977868481,212.506
19.980770975,212.506
19.983673469,212.506
19.986575964,212.506
19.989478458,213.737
19.992380952,213.737
19.995283447,213.737
19.998185941,212.506
20.001088435,213.737
20.003990930,213.737
20.006893424,213.737
20.009795918,213.737
20.012698413,213.737
20.015600907,213.737
20.018503401,213.737
20.021405896,213.737
20.024308390,213.737
20.027210884,213.737
20.030113379,213.737
20.033015873,213.737
20.035918367,213.737
20.038820862,214.975
20.041723356,214.975
20.044625850,214.975
20.047528345,214.975
20.050430839,214.975
20.053333333,216.221
20.056235828,216.221
20.059138322,216.221
20.062040816,216.221
20.064943311,216.221
20.067845805,216.221
20.070748299,217.473
20.073650794,217.473
20.076553288,217.473
20.079455782,217.473
20.082358277,217.473
20.085260771,218.733
20.088163265,218.733
20.091065760,218.733
20.093968254,218.733
20.096870748,218.733
20.099773243,218.733
20.102675737,218.733
20.105578231,218.733
20.108480726,218.733
20.111383220,218.733
20.114285714,220
20.117188209,220
20.120090703,220
20.122993197,220
20.125895692,220
20.128798186,220
20.131700680,220
20.134603175,220
20.137505669,220
20.140408163,221.274
20.143310658,221.274
20.146213152,221.274
20.149115646,222.556
20.152018141,222.556
20.154920635,223.846
20.157823129,223.846
20.160725624,225.142
20.163628118,226.446
20.166530612,227.758
20.169433107,230.405
20.172335601,231.739
20.175238095,233.082
20.178140590,235.79
20.181043084,237.156
20.183945578,237.156
20.186848073,238.53
20.189750567,239.912
20.192653061,241.301
20.195555556,242.699
20.198458050,244.105
20.201360544,245.519
20.204263039,245.519
20.207165533,246.942
20.210068027,248.372
20.212970522,248.372
20.215873016,249.811
20.218775510,249.811
20.221678005,249.811
20.224580499,249.811
20.227482993,251.258
20.230385488,251.258
20.233287982,251.258
20.236190476,249.811
20.239092971,249.811
20.241995465,249.811
20.244897959,249.811
20.247800454,248.372
20.250702948,248.372
20.253605442,246.942
20.256507937,246.942
20.259410431,245.519
20.262312925,244.105
20.265215420,244.105
20.268117914,242.699
20.271020408,242.699
20.273922902,241.301
20.276825397,241.301
20.279727891,241.301
20.282630385,239.912
20.285532880,239.912
20.288435374,239.912
20.291337868,239.912
20.294240363,239.912
20.297142857,239.912
20.300045351,238.53
20.302947846,238.53
20.305850340,238.53
20.308752834,238.53
20.311655329,238.53
20.314557823,237.156
20.317460317,237.156
20.320362812,237.156
20.323265306,237.156
20.326167800,237.156
20.329070295,238.53
20.331972789,238.53
20.334875283,238.53
20.337777778,238.53
20.340680272,239.912
20.343582766,239.912
20.346485261,239.912
20.349387755,239.912
20.352290249,239.912
20.355192744,239.912
20.358095238,239.912
20.360997732,239.912
20.363900227,239.912
20.366802721,239.912
20.369705215,239.912
20.372607710,239.912
20.375510204,239.912
20.378412698,239.912
20.381315193,239.912
20.384217687,238.53
20.387120181,238.53
20.390022676,238.53
20.392925170,238.53
20.395827664,238.53
20.398730159,238.53
20.401632653,239.912
20.404535147,239.912
20.407437642,239.912
20.410340136,239.912
20.413242630,239.912
20.416145125,239.912
20.419047619,239.912
20.421950113,239.912
20.424852608,238.53
20.427755102,238.53
20.430657596,238.53
20.433560091,238.53
20.436462585,238.53
20.439365079,238.53
20.442267574,238.53
20.445170068,238.53
20.448072562,237.156
20.450975057,237.156
20.453877551,237.156
20.456780045,237.156
20.459682540,235.79
20.462585034,235.79
20.465487528,235.79
20.468390023,234.432
20.471292517,234.432
20.474195011,233.082
20.477097506,231.739
20.480000000,231.739
20.482902494,231.739
20.485804989,230.405
20.488707483,230.405
20.491609977,229.078
20.494512472,227.758
20.497414966,226.446
20.500317460,225.142
20.503219955,223.846
20.506122449,223.846
20.509024943,222.556
20.511927438,221.274
20.514829932,221.274
20.517732426,220
20.520634921,218.733
20.523537415,218.733
20.526439909,217.473
20.529342404,216.221
20.532244898,216.221
20.535147392,214.975
20.538049887,214.975
20.540952381,214.975
20.543854875,214.975
20.546757370,213.737
20.549659864,213.737
20.552562358,213.737
20.555464853,213.737
20.558367347,213.737
20.561269841,213.737
20.564172336,212.506
20.567074830,212.506
20.569977324,213.737
20.572879819,213.737
20.575782313,213.737
20.578684807,213.737
20.581587302,213.737
20.584489796,214.975
20.587392290,214.975
20.590294785,214.975
20.593197279,216.221
20.596099773,216.221
20.599002268,217.473
20.601904762,217.473
20.604807256,217.473
20.607709751,218.733
20.610612245,218.733
20.613514739,218.733
20.616417234,218.733
20.619319728,220
20.622222222,220
20.625124717,220
20.628027211,221.274
20.630929705,222.556
20.633832200,222.556
20.636734694,223.846
20.639637188,223.846
20.642539683,225.142
20.645442177,225.142
20.648344671,226.446
20.651247166,226.446
20.654149660,226.446
20.657052154,226.446
20.659954649,227.758
20.662857143,227.758
20.665759637,226.446
20.668662132,226.446
20.671564626,226.446
20.674467120,226.446
20.677369615,226.446
20.680272109,226.446
20.683174603,226.446
20.686077098,225.142
20.688979592,225.142
20.691882086,225.142
20.694784580,225.142
20.697687075,223.846
20.700589569,223.846
20.703492063,223.846
20.706394558,223.846
20.709297052,222.556
20.712199546,222.556
20.715102041,222.556
20.718004535,221.274
20.720907029,222.556
20.723809524,221.274
20.726712018,221.274
20.729614512,220
20.732517007,220
20.735419501,220
20.738321995,220
20.741224490,220
20.744126984,220
20.747029478,220
20.749931973,220
20.752834467,218.733
20.755736961,218.733
20.758639456,218.733
20.761541950,218.733
20.764444444,218.733
20.767346939,218.733
20.770249433,218.733
20.773151927,217.473
20.776054422,217.473
20.778956916,217.473
20.781859410,217.473
20.784761905,217.473
20.787664399,217.473
20.790566893,217.473
20.793469388,217.473
20.796371882,217.473
20.799274376,217.473
20.802176871,217.473
20.805079365,216.221
20.807981859,216.221
20.810884354,216.221
20.813786848,216.221
20.816689342,216.221
20.819591837,216.221
20.822494331,216.221
20.825396825,216.221
20.828299320,214.975
20.831201814,214.975
20.834104308,214.975
20.837006803,214.975
20.839909297,214.975
20.842811791,214.975
20.845714286,214.975
20.848616780,214.975
20.851519274,214.975
20.854421769,214.975
20.857324263,214.975
20.860226757,214.975
20.863129252,214.975
20.866031746,214.975
20.868934240,214.975
20.871836735,214.975
20.874739229,214.975
20.877641723,214.975
20.880544218,214.975
20.883446712,214.975
20.886349206,214.975
20.889251701,214.975
20.892154195,214.975
20.895056689,214.975
20.897959184,214.975
20.900861678,214.975
20.903764172,214.975
20.906666667,214.975
20.909569161,214.975
20.912471655,214.975
20.915374150,214.975
20.918276644,214.975
20.921179138,213.737
20.924081633,213.737
20.926984127,213.737
20.929886621,213.737
20.932789116,212.506
20.935691610,212.506
20.938594104,212.506
20.941496599,211.282
20.944399093,211.282
20.947301587,211.282
20.950204082,210.065
20.953106576,210.065
20.956009070,210.065
20.958911565,208.855
20.961814059,208.855
20.964716553,208.855
20.967619048,207.652
20.970521542,207.652
20.973424036,207.652
20.976326531,207.652
20.979229025,208.855
20.982131519,210.065
20.985034014,211.282
20.987936508,214.975
20.990839002,216.221
20.993741497,216.221
20.996643991,217.473
20.999546485,-217.473
21.002448980,-217.473
21.005351474,-214.975
21.008253968,-211.282
21.011156463,-207.652
21.014058957,-206.456
21.016961451,-205.267
21.019863946,-204.085
21.022766440,-204.085
21.025668934,-204.085
21.028571429,-205.267
21.031473923,-206.456
21.034376417,-207.652
21.037278912,-208.855
21.040181406,-208.855
21.043083900,-208.855
21.045986395,-210.065
21.048888889,-210.065
21.051791383,-210.065
21.054693878,-210.065
21.057596372,-210.065
21.060498866,-207.652
21.063401361,-207.652
21.066303855,-206.456
21.069206349,-205.267
21.072108844,-206.456
21.075011338,-206.456
21.077913832,-206.456
21.080816327,-206.456
21.083718821,-206.456
21.086621315,-206.456
21.089523810,-206.456
21.092426304,-206.456
21.095328798,-205.267
21.098231293,-205.267
21.101133787,-204.085
21.104036281,-204.085
21.106938776,-204.085
21.109841270,-205.267
21.112743764,-220
21.115646259,-220
21.118548753,-220
21.121451247,-220
21.124353741,-220
21.127256236,-220
21.130158730,-220
21.133061224,-220
21.135963719,-220
21.138866213,-220
21.141768707,-220
21.144671202,-220
21.147573696,-220
21.150476190,-220
21.153378685,-220
21.156281179,-220
21.159183673,-220
21.162086168,-220
21.164988662,-220
21.167891156,-220
21.170793651,-220
21.173696145,-220
21.176598639,-220
21.179501134,-220
21.182403628,-220
21.185306122,-220
21.188208617,-220
21.191111111,-220
21.194013605,-220
21.196916100,-220
21.199818594,-220
21.202721088,-220
21.205623583,-220
21.208526077,-220
21.211428571,-220
21.214331066,-220
21.217233560,-220
21.220136054,-220
21.223038549,-220
21.225941043,-220
21.228843537,-220
21.231746032,-220
21.234648526,-220
21.237551020,-220
21.240453515,-220
21.243356009,-220
21.246258503,-220
21.249160998,-220
21.252063492,-220
21.254965986,-220
21.257868481,-220
21.260770975,-220
21.263673469,-220
21.266575964,-220
21.269478458,-220
21.272380952,-220
21.275283447,-220
21.278185941,-220
21.281088435,-220
21.283990930,-220
21.286893424,-220
21.289795918,-220
21.292698413,-220
21.295600907,-220
21.298503401,-220
21.301405896,-220
21.304308390,-220
21.307210884,-220
21.310113379,-220
21.313015873,-220
21.315918367,-220
21.318820862,-220
21.321723356,-220
21.324625850,-220
21.327528345,-220
21.330430839,-220
21.333333333,-220
21.336235828,-220
21.339138322,-220
21.342040816,-220
21.344943311,-220
21.347845805,-220
21.350748299,-220
21.353650794,-220
21.356553288,-220
21.359455782,-220
21.362358277,-220
21.365260771,-220
21.368163265,-220
21.371065760,-220
21.373968254,-220
21.376870748,-220
21.379773243,-220
21.382675737,-220
21.385578231,-220
21.388480726,-220
21.391383220,-220
21.394285714,-220
21.397188209,-220
21.400090703,-220
21.402993197,-220
21.405895692,-220
21.408798186,-220
21.411700680,-220
21.414603175,-220
21.417505669,-220
21.420408163,-220
21.423310658,-220
21.426213152,-220
21.429115646,-220
21.432018141,-220
21.434920635,-220
21.437823129,-220
21.440725624,-220
21.443628118,-220
21.446530612,-220
21.449433107,-220
21.452335601,-220
21.455238095,-220
21.458140590,-220
21.461043084,-220
21.463945578,-220
21.466848073,-220
21.469750567,-220
21.472653061,-220
21.475555556,-220
21.478458050,-220
21.481360544,-220
21.484263039,-220
21.487165533,-220
21.490068027,-220
21.492970522,-220
21.495873016,-220
21.498775510,-220
21.501678005,-220
21.504580499,-220
21.507482993,-220
21.510385488,-220
21.513287982,-220
21.516190476,-220
21.519092971,-220
21.521995465,-220
21.524897959,-220
21.527800454,-220
21.530702948,-220
21.533605442,-220
21.536507937,-220
21.539410431,-220
21.542312925,-220
21.545215420,-220
21.548117914,-220
21.551020408,-220
21.553922902,-220
21.556825397,-220
21.559727891,-220
21.562630385,-220
21.565532880,-220
21.568435374,-220
21.571337868,-220
21.574240363,-220
21.577142857,-220
21.580045351,-220
21.582947846,-220
21.585850340,-220
21.588752834,-220
21.591655329,-220
21.594557823,-220
21.597460317,-220
21.600362812,-220
21.603265306,-220
21.606167800,-220
21.609070295,-220
21.611972789,-220
21.614875283,-220
21.617777778,-220
21.620680272,-220
21.623582766,-220
21.626485261,-220
21.629387755,-220
21.632290249,-220
21.635192744,-220
21.638095238,-220
21.640997732,-220
21.643900227,-220
21.646802721,-220
21.649705215,-220
21.652607710,-220
21.655510204,-220
21.658412698,-220
21.661315193,-220
21.664217687,-220
21.667120181,-220
21.670022676,-220
21.672925170,-220
21.675827664,-220
21.678730159,-220
21.681632653,-220
21.684535147,-220
21.687437642,-220
21.690340136,-220
21.693242630,-220
21.696145125,-220
21.699047619,-220
21.701950113,-220
21.704852608,-220
21.707755102,-220
21.710657596,-220
21.713560091,-220
21.716462585,-220
21.719365079,-220
21.722267574,-220
21.725170068,-220
21.728072562,-220
21.730975057,-220
21.733877551,-220
21.736780045,-220
21.739682540,-220
21.742585034,-220
21.745487528,-220
21.748390023,-220
21.751292517,-220
21.754195011,-220
21.757097506,-220
21.760000000,-220
21.762902494,-220
21.765804989,-220
21.768707483,-220
21.771609977,-220
21.774512472,-220
21.777414966,-220
21.780317460,-220
21.783219955,-220
21.786122449,-220
21.789024943,-220
21.791927438,-220
21.794829932,-220
21.797732426,-220
21.800634921,-220
21.803537415,-220
21.806439909,-220
21.809342404,-220
21.812244898,-220
21.815147392,-220
21.818049887,-220
21.820952381,-220
21.823854875,-220
21.826757370,-220
21.829659864,-220
21.832562358,-220
21.835464853,-220
21.838367347,-220
21.841269841,-220
21.844172336,-220
21.847074830,-220
21.849977324,-220
21.852879819,-220
21.855782313,-220
21.858684807,-220
21.861587302,-220
21.864489796,-220
21.867392290,-220
21.870294785,-220
21.873197279,-220
21.876099773,-220
21.879002268,-220
21.881904762,-220
21.884807256,-220
21.887709751,-220
21.890612245,-220
21.893514739,-220
21.896417234,-220
21.899319728,-220
21.902222222,-220
21.905124717,-220
21.908027211,-220
21.910929705,-220
21.913832200,-220
21.916734694,-220
21.919637188,-220
21.922539683,-220
21.925442177,-220
21.928344671,-220
21.931247166,-220
21.934149660,-220
21.937052154,-220
21.939954649,-220
21.942857143,-220
21.945759637,-220
21.948662132,-220
21.951564626,-220
21.954467120,-220
21.957369615,-220
21.960272109,-220
21.963174603,-220
21.966077098,-220
21.968979592,-220
21.971882086,-220
21.974784580,-220
21.977687075,-220
21.980589569,-220
21.983492063,-220
21.986394558,-220
21.989297052,-220
21.992199546,-220
21.995102041,-220
21.998004535,-220
22.000907029,-220
22.003809524,-220
22.006712018,-220
22.009614512,-220
22.012517007,-220
22.015419501,-220
22.018321995,-220
22.021224490,-220
22.024126984,-220
22.027029478,-220
22.029931973,-220
22.032834467,-220
22.035736961,-220
22.038639456,-220
22.041541950,-220
22.044444444,-220
22.047346939,-220
22.050249433,-220
22.053151927,-220
22.056054422,-220
22.058956916,-220
22.061859410,-220
22.064761905,-220
22.067664399,-220
22.070566893,-220
22.073469388,-220
22.076371882,-220
22.079274376,-220
22.082176871,-220
22.085079365,-220
22.087981859,-220
22.090884354,-220
22.093786848,-220
22.096689342,-220
22.099591837,-220
22.102494331,-220
22.105396825,-220
22.108299320,-220
22.111201814,-220
22.114104308,-220
22.117006803,-220
22.119909297,-220
22.122811791,-220
22.125714286,-220
22.128616780,-220
22.131519274,-220
22.134421769,-220
22.137324263,-220
22.140226757,-220
22.143129252,-220
22.146031746,-220
22.148934240,-220
22.151836735,-220
22.154739229,-220
22.157641723,-220
22.160544218,-220
22.163446712,-220
22.166349206,-220
22.169251701,-220
22.172154195,-220
22.175056689,-220
22.177959184,-220
22.180861678,-220
22.183764172,-220
22.186666667,-220
22.189569161,-220
22.192471655,-220
22.195374150,-220
22.198276644,-220
22.201179138,-220
22.204081633,-220
22.206984127,-220
22.209886621,-220
22.212789116,-220
22.215691610,-220
22.218594104,-220
22.221496599,-220
22.224399093,-220
22.227301587,-220
22.230204082,-220
22.233106576,-220
22.236009070,-220
22.238911565,-220
22.241814059,-220
22.244716553,-220
22.247619048,-220
22.250521542,-220
22.253424036,-220
22.256326531,-220
22.259229025,-220
22.262131519,-220
22.265034014,-220
22.267936508,-220
22.270839002,-220
22.273741497,-220
22.276643991,-220
22.279546485,-220
22.282448980,-220
22.285351474,-220
22.288253968,-220
22.291156463,-220
22.294058957,-220
22.296961451,-220
22.299863946,-220
22.302766440,-220
22.305668934,-220
22.308571429,-220
22.311473923,-220
22.314376417,-220
22.317278912,-220
22.320181406,-220
22.323083900,-220
22.325986395,-220
22.328888889,-220
22.331791383,-220
22.334693878,-220
22.337596372,-220
22.340498866,-220
22.343401361,-220
22.346303855,-220
22.349206349,-220
22.352108844,-220
22.355011338,-220
22.357913832,-220
22.360816327,-220
22.363718821,-220
22.366621315,-220
22.369523810,-220
22.372426304,-220
22.375328798,-220
22.378231293,-220
22.381133787,-220
22.384036281,-220
22.386938776,-220
22.389841270,-220
22.392743764,-220
22.395646259,-220
22.398548753,-220
22.401451247,-220
22.404353741,-220
22.407256236,-220
22.410158730,-220
22.413061224,-220
22.415963719,-220
22.418866213,-220
22.421768707,-220
22.424671202,-220
22.427573696,-220
22.430476190,-220
22.433378685,-220
22.436281179,-220
22.439183673,-220
22.442086168,-220
22.444988662,-220
22.447891156,-220
22.450793651,-220
22.453696145,-220
22.456598639,-220
22.459501134,-220
22.462403628,-220
22.465306122,-220
22.468208617,-220
22.471111111,-220
22.474013605,-220
22.476916100,-220
22.479818594,-220
22.482721088,-220
22.485623583,-220
22.488526077,-220
22.491428571,-220
22.494331066,-220
22.497233560,-220
22.500136054,-220
22.503038549,-220
22.505941043,-220
22.508843537,-220
22.511746032,-220
22.514648526,-220
22.517551020,-220
22.520453515,-220
22.523356009,-220
22.526258503,-220
22.529160998,-220
22.532063492,-220
22.534965986,-220
22.537868481,-220
22.540770975,-220
22.543673469,-220
22.546575964,-220
22.549478458,-220
22.552380952,-220
22.555283447,-220
22.558185941,-220
22.561088435,-220
22.563990930,-220
22.566893424,-220
22.569795918,-220
22.572698413,-220
22.575600907,-220
22.578503401,-220
22.581405896,-220
22.584308390,-220
22.587210884,-220
22.590113379,-220
22.593015873,-220
22.595918367,-220
22.598820862,-220
22.601723356,-220
22.604625850,-220
22.607528345,-220
22.610430839,-220
22.613333333,-220
22.616235828,-220
22.619138322,-220
22.622040816,-220
22.624943311,-220
22.627845805,-220
22.630748299,-220
22.633650794,-220
22.636553288,-220
22.639455782,-220
22.642358277,-220
22.645260771,-220
22.648163265,-220
22.651065760,-220
22.653968254,-220
22.656870748,-220
22.659773243,-220
22.662675737,-220
22.665578231,-220
22.668480726,-220
22.671383220,-220
22.674285714,-220
22.677188209,-220
22.680090703,-220
22.682993197,-220
22.685895692,-220
22.688798186,-220
22.691700680,-220
22.694603175,-220
22.697505669,-220
22.700408163,-220
22.703310658,-220
22.706213152,-220
22.709115646,-220
22.712018141,-220
22.714920635,-220
22.717823129,-220
22.720725624,-220
22.723628118,-220
22.726530612,-220
22.729433107,-220
22.732335601,-220
22.735238095,-220
22.738140590,-220
22.741043084,-220
22.743945578,-220
22.746848073,-220
22.749750567,-220
22.752653061,-220
22.755555556,-220
22.758458050,-220
22.761360544,-220
22.764263039,-220
22.767165533,-220
22.770068027,-220
22.772970522,-220
22.775873016,-220
22.778775510,-220
22.781678005,-220
22.784580499,-220
22.787482993,-220
22.790385488,-220
22.793287982,-220
22.796190476,-220
22.799092971,-220
22.801995465,-220
22.804897959,-220
22.807800454,-220
22.810702948,-220
22.813605442,-220
22.816507937,-220
22.819410431,-220
22.822312925,-220
22.825215420,-220
22.828117914,-220
22.831020408,-220
22.833922902,-220
22.836825397,-220
22.839727891,-220
22.842630385,-220
22.845532880,-220
22.848435374,-220
22.851337868,-220
22.854240363,-220
22.857142857,-220
22.860045351,-220
22.862947846,-220
22.865850340,-220
22.868752834,-220
22.871655329,-220
22.874557823,-220
22.877460317,-220
22.880362812,-220
22.883265306,-220
22.886167800,-220
22.889070295,-220
22.891972789,-220
22.894875283,-220
22.897777778,-220
22.900680272,-220
22.903582766,-220
22.906485261,-220
22.909387755,-220
22.912290249,-220
22.915192744,-220
22.918095238,-220
22.920997732,-220
22.923900227,-220
22.926802721,-220
22.929705215,-220
22.932607710,-220
22.935510204,-220
22.938412698,-220
22.941315193,-220
22.944217687,-220
22.947120181,-220
22.950022676,-220
22.952925170,-220
22.955827664,-220
22.958730159,-220
22.961632653,-220
22.964535147,-220
22.967437642,-220
22.970340136,-220
22.973242630,-220
22.976145125,-220
22.979047619,-220
22.981950113,-220
22.984852608,-220
22.987755102,-220
22.990657596,-220
22.993560091,-220
22.996462585,-220
22.999365079,-220
23.002267574,-220
23.005170068,-220
23.008072562,-220
23.010975057,-220
23.013877551,-220
23.016780045,-220
23.019682540,-220
23.022585034,-220
23.025487528,-220
23.028390023,-220
23.031292517,-220
23.034195011,-220
23.037097506,-220
23.040000000,-220
23.042902494,-220
23.045804989,-220
23.048707483,-220
23.051609977,-220
23.054512472,-220
23.057414966,-220
23.060317460,-220
23.063219955,-220
23.066122449,-220
23.069024943,-220
23.071927438,-220
23.074829932,-220
23.077732426,-220
23.080634921,-220
23.083537415,-220
23.086439909,-220
23.089342404,-220
23.092244898,-220
23.095147392,-220
23.098049887,-220
23.100952381,-220
23.103854875,-220
23.106757370,-220
